FileName	avg_silence_duration(ms)	avg_syllable_duration(ms)	avg_sylls_freq_modulation(Hz)	avg_sylls_lower_freq(Hz)	avg_sylls_upper_freq(Hz)	bout_duration(ms)	largest_silence_duration(ms)	largest_syllable_duration(ms)	largest_sylls_freq_modulation(Hz)	max_sylls_freq(Hz)	mean_syllable_stereotypy	min_sylls_freq(Hz)	num_syllable_per_bout_duration(1/ms)	num_syllables	num_syllables_per_num_unique	num_unique_syllables	overall_sylls_freq_range(Hz)	sequential_repetition	smallest_silence_duration(ms)	smallest_syllable_duration(ms)	smallest_sylls_freq_modulation(Hz)	std_silence_duration(ms)	std_syllable_duration(ms)	std_syllable_stereotypy	std_sylls_freq_modulation(Hz)	syll_correlation_threshold	syllable_pattern	syllable_stereotypy
SegSyllsOutput_SynSongs_amp100_30p_10_S4A06622_20180409_161600_clip.gzip	296.40211640211635	422.31746031746025	3017.3684210526317	4792.543859649123	7766.929824561403	6890.79365079365	484.4444444444444	693.6507936507936	6017.543859649123	9800.0		2664.9122807017543	0.0014512116465493414	10	1.0	10	7178.070175438596	0.0	110.15873015873015	192.69841269841268	472.8070175438596	137.22366813710295	166.8337148905348		2109.9672833971285	70.0	[0, 1, 2, 3, 4, 5, 6, 7, 8, 9]	[]
SegSyllsOutput_SynSongs_amp100_30p_10_S4A06622_20180722_170100_clip.gzip	296.5432098765432	421.93650793650784	3038.859649122807	4775.350877192984	7771.228070175439	6888.253968253968	484.4444444444444	685.0793650793651	5888.59649122807	9800.0		2621.9298245614036	0.0014517467047654162	10	1.0	10	7221.0526315789475	0.0	109.2063492063492	192.69841269841268	515.7894736842105	138.24362074196745	165.90854365814482		2060.474721292049	70.0	[0, 1, 2, 3, 4, 5, 6, 7, 8, 9]	[]
SegSyllsOutput_SynSongs_amp100_30p_10_WhiteNoise_001.gzip	296.4726631393298	422.2222222222222	3013.0701754385964	4796.842105263158	7766.929824561403	6890.47619047619	485.07936507936506	693.6507936507936	5974.561403508772	9800.0		2664.9122807017543	0.0014512785072563926	10	1.0	10	7178.070175438596	0.0	109.52380952380952	192.69841269841268	472.8070175438596	137.35015605273574	166.80397468165353		2103.20946167288	70.0	[0, 1, 2, 3, 4, 5, 6, 7, 8, 9]	[]
SegSyllsOutput_SynSongs_amp100_30p_10_WhiteNoise_01.gzip	296.1199294532628	422.44444444444446	3017.3684210526317	4792.543859649123	7766.929824561403	6889.523809523809	486.98412698412693	699.047619047619	5974.561403508772	9800.0		2664.9122807017543	0.001451479126347802	10	1.0	10	7178.070175438596	0.0	111.42857142857142	193.015873015873	472.8070175438596	137.30954906522078	167.5185451732444		2096.0087694314316	70.0	[0, 1, 2, 3, 4, 5, 6, 7, 8, 9]	[]
SegSyllsOutput_SynSongs_amp100_30p_11_S4A06622_20180409_161600_clip.gzip	363.1040564373898	419.14285714285705	2200.7017543859647	5016.052631578947	7173.77192982456	7459.365079365079	543.8095238095237	681.9047619047618	5286.8421052631575	9842.982456140351		2020.1754385964912	0.0013405966719155639	10	1.0	10	7865.789473684211	0.0	82.85714285714285	159.36507936507937	429.82456140350877	162.97010051022198	174.7649755363621		2008.0777080405426	70.0	[0, 1, 2, 3, 4, 5, 6, 7, 8, 9]	[]
SegSyllsOutput_SynSongs_amp100_30p_11_S4A06622_20180722_170100_clip.gzip	362.50440917107585	419.8730158730159	2230.7894736842104	5003.157894736841	7190.964912280702	7461.269841269841	541.9047619047619	683.4920634920635	5286.8421052631575	9885.964912280702		2020.1754385964912	0.0013402544356039656	10	1.0	10	7908.771929824561	0.0	78.73015873015872	157.77777777777777	515.7894736842105	163.7524851818628	175.6975292686362		1991.4122356891296	70.0	[0, 1, 2, 3, 4, 5, 6, 7, 8, 9]	[]
SegSyllsOutput_SynSongs_amp100_30p_11_WhiteNoise_001.gzip	363.17460317460313	419.0793650793651	2196.4035087719294	5016.052631578947	7169.473684210527	7459.365079365079	543.4920634920635	682.2222222222222	5286.8421052631575	9842.982456140351		2020.1754385964912	0.0013405966719155639	10	1.0	10	7865.789473684211	0.0	82.85714285714285	159.36507936507937	429.82456140350877	163.02066421607796	174.63186873408705		2000.7706207469555	70.0	[0, 1, 2, 3, 4, 5, 6, 7, 8, 9]	[]
SegSyllsOutput_SynSongs_amp100_30p_11_WhiteNoise_01.gzip	363.8800705467372	418.44444444444446	2209.298245614035	5011.754385964913	7178.070175438596	7459.365079365079	543.8095238095237	681.9047619047618	5286.8421052631575	9885.964912280702		2020.1754385964912	0.0013405966719155639	10	1.0	10	7908.771929824561	0.0	84.12698412698413	159.04761904761904	472.8070175438596	162.8810262645751	174.35194046342312		1989.736463765883	70.0	[0, 1, 2, 3, 4, 5, 6, 7, 8, 9]	[]
SegSyllsOutput_SynSongs_amp100_30p_12_S4A06622_20180409_161600_clip.gzip	363.49206349206344	450.66666666666663	1942.80701754386	4109.122807017545	6008.947368421053	7778.095238095238	568.8888888888889	630.4761904761905	4126.315789473684	8209.649122807017		2063.157894736842	0.0012856618097220522	10	1.0	10	6189.473684210527	0.0	70.15873015873015	253.65079365079364	472.8070175438596	166.77698540920417	129.18274769382822		1086.7754189296738	70.0	[0, 1, 2, 3, 4, 5, 6, 7, 8, 9]	[]
SegSyllsOutput_SynSongs_amp100_30p_12_WhiteNoise_001.gzip	349.10052910052906	465.36507936507934	1998.684210526316	4091.929824561403	6047.631578947367	7795.555555555555	547.6190476190476	644.7619047619047	4212.2807017543855	8252.631578947368		2063.157894736842	0.001282782212086659	10	1.0	10	6232.456140350877	0.0	64.76190476190476	258.4126984126984	472.8070175438596	161.27468434172738	136.2486730365841		1124.912913804226	70.0	[0, 1, 2, 3, 4, 5, 6, 7, 8, 9]	[]
SegSyllsOutput_SynSongs_amp100_30p_12_WhiteNoise_01.gzip	421.51675485008815	390.92063492063494	1641.9298245614034	4259.561403508773	5858.508771929825	7702.857142857142	691.1111111111111	597.7777777777777	3438.59649122807	8080.701754385965		2106.1403508771928	0.001298219584569733	10	1.0	10	6017.543859649123	0.0	96.5079365079365	240.95238095238093	386.8421052631579	186.27975083897965	107.5664576805903		920.9352751745582	70.0	[0, 1, 2, 3, 4, 5, 6, 7, 8, 9]	[]
SegSyllsOutput_SynSongs_amp100_30p_13_S4A06622_20180409_161600_clip.gzip	299.2592592592593	489.4285714285714	2149.122807017544	4367.01754385965	6473.157894736843	7587.619047619047	468.88888888888886	781.2698412698412	4556.140350877193	9413.157894736842		1977.1929824561403	0.001317936488013054	10	1.0	10	7478.9473684210525	0.0	200.0	317.46031746031747	472.8070175438596	98.11539834958658	131.00760312855675		1396.6175239451043	70.0	[0, 1, 2, 3, 4, 5, 6, 7, 8, 9]	[]
SegSyllsOutput_SynSongs_amp100_30p_13_WhiteNoise_001.gzip	298.16578483245144	489.93650793650784	2140.5263157894738	4375.6140350877195	6473.157894736843	7582.857142857142	468.88888888888886	785.7142857142857	4556.140350877193	9413.157894736842		1977.1929824561403	0.0013187641296156746	10	1.0	10	7478.9473684210525	0.0	203.17460317460316	318.4126984126984	472.8070175438596	98.13603941335941	132.8975872899241		1394.2343915789297	70.0	[0, 1, 2, 3, 4, 5, 6, 7, 8, 9]	[]
SegSyllsOutput_SynSongs_amp100_30p_13_WhiteNoise_01.gzip	333.33333333333326	457.0793650793651	2028.7719298245615	4405.701754385965	6391.491228070175	7570.79365079365	510.1587301587301	736.5079365079365	4255.263157894737	9284.21052631579		1977.1929824561403	0.0013208654813820866	10	1.0	10	7350.0	0.0	218.09523809523807	295.87301587301585	472.8070175438596	105.3107317141028	123.68571569353462		1290.0784806495615	70.0	[0, 1, 2, 3, 4, 5, 6, 7, 8, 9]	[]
SegSyllsOutput_SynSongs_amp100_30p_14_S4A06622_20180409_161600_clip.gzip	419.1887125220458	500.3809523809524	2119.035087719298	4706.578947368421	6782.631578947369	8776.507936507936	596.1904761904761	728.2539682539682	6877.19298245614	10143.859649122807		2364.035087719298	0.0011394053389278738	10	1.0	10	7822.80701754386	0.0	148.88888888888889	103.80952380952381	472.8070175438596	171.54325316814703	227.04471509176688		1966.2666354594105	70.0	[0, 1, 2, 3, 4, 5, 6, 7, 8, 9]	[]
SegSyllsOutput_SynSongs_amp100_30p_14_S4A06622_20180722_170100_clip.gzip	416.1199294532628	502.920634920635	2144.8245614035086	4685.087719298245	6786.929824561403	8774.285714285714	593.6507936507936	727.3015873015872	6834.210526315789	10143.859649122807		2321.0526315789475	0.0011396939107782482	10	1.0	10	7865.789473684211	0.0	149.2063492063492	103.49206349206348	515.7894736842105	167.68861123992934	229.15918943038074		1932.825039846291	70.0	[0, 1, 2, 3, 4, 5, 6, 7, 8, 9]	[]
SegSyllsOutput_SynSongs_amp100_30p_14_WhiteNoise_001.gzip	419.0123456790123	500.5396825396824	2119.035087719298	4706.578947368421	6782.631578947369	8776.507936507936	594.2857142857142	730.1587301587301	6877.19298245614	10143.859649122807		2364.035087719298	0.0011394053389278738	10	1.0	10	7822.80701754386	0.0	148.88888888888889	103.80952380952381	472.8070175438596	171.09332625750633	227.36789008653096		1966.2666354594105	70.0	[0, 1, 2, 3, 4, 5, 6, 7, 8, 9]	[]
SegSyllsOutput_SynSongs_amp100_30p_14_WhiteNoise_01.gzip	418.20105820105823	501.23809523809524	2127.6315789473683	4706.578947368421	6791.228070175439	8776.190476190475	593.3333333333333	731.4285714285713	6920.175438596491	10143.859649122807		2364.035087719298	0.0011394465545306568	10	1.0	10	7822.80701754386	0.0	152.69841269841268	103.80952380952381	472.8070175438596	170.16065504715564	227.80527336827828		1973.893870172393	70.0	[0, 1, 2, 3, 4, 5, 6, 7, 8, 9]	[]
SegSyllsOutput_SynSongs_amp100_30p_15_S4A06622_20180409_161600_clip.gzip	338.8359788359788	456.6349206349206	1663.421052631579	5252.456140350877	6872.894736842104	7615.873015873016	573.3333333333333	714.6031746031746	3868.4210526315787	9628.070175438595		2407.017543859649	0.0013130471029595666	10	1.0	10	7264.035087719298	0.0	153.96825396825395	95.55555555555556	472.8070175438596	146.79064367766287	193.75266641262127		1034.7678537390066	70.0	[0, 1, 2, 3, 4, 5, 6, 7, 8, 9]	[]
SegSyllsOutput_SynSongs_amp100_30p_15_S4A06622_20180722_170100_clip.gzip	437.2839506172839	356.031746031746	1285.1754385964912	5480.263157894737	6722.456140350876	7495.873015873016	715.8730158730158	578.4126984126984	3309.6491228070176	9327.19298245614		2879.8245614035086	0.0013340674233440623	10	1.0	10	6490.350877192983	0.0	232.38095238095238	84.44444444444444	386.8421052631579	185.95243928967582	151.1148347769389		839.2164805057699	70.0	[0, 1, 2, 3, 4, 5, 6, 7, 8, 9]	[]
SegSyllsOutput_SynSongs_amp100_30p_15_WhiteNoise_001.gzip	339.6119929453263	455.84126984126976	1663.421052631579	5248.157894736843	6868.596491228071	7614.920634920634	573.968253968254	708.5714285714286	3868.4210526315787	9628.070175438595		2407.017543859649	0.0013132113227998501	10	1.0	10	7264.035087719298	0.0	154.28571428571428	95.23809523809523	472.8070175438596	146.78195648908232	192.843516404099		1035.7592768132974	70.0	[0, 1, 2, 3, 4, 5, 6, 7, 8, 9]	[]
SegSyllsOutput_SynSongs_amp100_30p_15_WhiteNoise_01.gzip	335.76719576719574	458.41269841269843	1706.4035087719299	5230.964912280701	6894.38596491228	7606.031746031746	575.2380952380952	709.2063492063492	3868.4210526315787	9671.052631578947		2407.017543859649	0.00131474602445845	10	1.0	10	7307.017543859649	0.0	149.84126984126982	94.92063492063491	515.7894736842105	144.77922132574685	194.5325287295418		1008.6488652792353	70.0	[0, 1, 2, 3, 4, 5, 6, 7, 8, 9]	[]
SegSyllsOutput_SynSongs_amp100_30p_16_S4A06622_20180409_161600_clip.gzip	356.1199294532628	416.53968253968253	1190.6140350877192	5927.280701754385	7074.912280701756	7370.47619047619	500.3174603174603	721.2698412698412	4771.0526315789475	10186.842105263158		1891.2280701754385	0.00135676443985011	10	1.0	10	8338.59649122807	0.0	81.26984126984127	123.8095238095238	472.8070175438596	141.31368837801125	205.7969247429224		1318.2921650428602	70.0	[0, 1, 2, 3, 4, 5, 6, 7, 8, 9]	[]
SegSyllsOutput_SynSongs_amp100_30p_16_S4A06622_20180722_170100_clip.gzip	414.5679012345679	349.01587301587296	1010.0877192982455	6004.649122807017	6971.754385964911	7221.269841269841	586.6666666666666	573.968253968254	4126.315789473684	10100.877192982456		1934.2105263157894	0.0013847979953400449	10	1.0	10	8209.649122807017	0.0	117.14285714285714	109.84126984126983	343.859649122807	149.05467167624127	160.41617440391119		1160.128261819339	70.0	[0, 1, 2, 3, 4, 5, 6, 7, 8, 9]	[]
SegSyllsOutput_SynSongs_amp100_30p_16_WhiteNoise_001.gzip	355.6966490299823	416.98412698412704	1186.3157894736842	5927.280701754385	7070.6140350877195	7371.11111111111	500.3174603174603	720.952380952381	4771.0526315789475	10186.842105263158		1891.2280701754385	0.0013566475731082305	10	1.0	10	8338.59649122807	0.0	81.26984126984127	123.8095238095238	472.8070175438596	140.92906205570236	206.1720715772568		1320.8045556624745	70.0	[0, 1, 2, 3, 4, 5, 6, 7, 8, 9]	[]
SegSyllsOutput_SynSongs_amp100_30p_16_WhiteNoise_01.gzip	356.8253968253968	416.2539682539682	1225.0	5905.789473684209	7087.807017543859	7373.9682539682535	499.36507936507934	726.031746031746	4857.017543859649	10186.842105263158		1891.2280701754385	0.001356121921818495	10	1.0	10	8338.59649122807	0.0	84.12698412698413	123.8095238095238	515.7894736842105	140.30399274592463	205.99860596609852		1334.72657599211	70.0	[0, 1, 2, 3, 4, 5, 6, 7, 8, 9]	[]
SegSyllsOutput_SynSongs_amp100_30p_17_S4A06622_20180409_161600_clip.gzip	350.1587301587302	424.1587301587301	1384.0350877192982	6210.964912280701	7552.017543859649	7393.015873015873	605.7142857142857	703.1746031746031	3567.5438596491226	10229.82456140351		2578.9473684210525	0.0013526279628993474	10	1.0	10	7693.859649122807	0.0	39.047619047619044	154.9206349206349	429.82456140350877	185.11625323262234	201.44454387746393		1130.8371172511456	70.0	[0, 1, 2, 3, 4, 5, 6, 7, 8, 9]	[]
SegSyllsOutput_SynSongs_amp100_30p_17_WhiteNoise_001.gzip	307.4426807760141	464.9206349206349	1517.280701754386	6137.894736842106	7612.192982456141	7416.190476190476	563.4920634920635	734.2857142857142	3696.4912280701756	10229.82456140351		2492.9824561403507	0.0013484011814562733	10	1.0	10	7779.824561403509	0.0	28.253968253968253	160.63492063492063	472.8070175438596	171.1114137812141	224.74801668947134		1183.2195731092536	70.0	[0, 1, 2, 3, 4, 5, 6, 7, 8, 9]	[]
SegSyllsOutput_SynSongs_amp100_30p_18_S4A06622_20180409_161600_clip.gzip	334.2857142857142	392.66666666666663	2157.7192982456136	4066.140350877194	6180.877192982456	6935.2380952380945	562.5396825396825	655.2380952380952	4685.087719298245	9456.140350877193		1891.2280701754385	0.0014419115627574844	10	1.0	10	7607.894736842105	0.0	123.17460317460316	166.03174603174602	515.7894736842105	135.6832787376534	171.513431867086		1396.294127362268	70.0	[0, 1, 2, 3, 4, 5, 6, 7, 8, 9]	[]
SegSyllsOutput_SynSongs_amp100_30p_18_S4A06622_20180722_170100_clip.gzip	397.42504409171073	331.1428571428571	1800.9649122807016	4268.1578947368425	6026.140350877193	6888.253968253968	719.3650793650793	587.3015873015872	4040.3508771929824	9327.19298245614		1934.2105263157894	0.0014517467047654162	10	1.0	10	7435.964912280701	0.0	188.25396825396825	140.0	429.82456140350877	156.26630986234866	138.3059836504504		1194.6837749733625	70.0	[0, 1, 2, 3, 4, 5, 6, 7, 8, 9]	[]
SegSyllsOutput_SynSongs_amp100_30p_18_WhiteNoise_001.gzip	334.8500881834215	392.1269841269841	2153.421052631579	4066.140350877194	6176.578947368421	6934.920634920634	563.8095238095237	653.015873015873	4728.070175438596	9456.140350877193		1891.2280701754385	0.001441977569237812	10	1.0	10	7607.894736842105	0.0	122.85714285714285	166.34920634920633	515.7894736842105	135.59772008614968	170.96211933438795		1408.1010063080223	70.0	[0, 1, 2, 3, 4, 5, 6, 7, 8, 9]	[]
SegSyllsOutput_SynSongs_amp100_30p_18_WhiteNoise_01.gzip	333.47442680776015	393.55555555555554	2192.1052631578946	4048.947368421052	6198.070175438596	6936.825396825397	555.2380952380952	651.1111111111111	4728.070175438596	9456.140350877193		1891.2280701754385	0.001441581620978445	10	1.0	10	7607.894736842105	0.0	124.76190476190476	167.61904761904762	515.7894736842105	132.1016534370177	170.27504316551764		1411.9662333169383	70.0	[0, 1, 2, 3, 4, 5, 6, 7, 8, 9]	[]
SegSyllsOutput_SynSongs_amp100_30p_19_S4A06622_20180409_161600_clip.gzip	310.75837742504405	441.49206349206344	2067.456140350877	5046.140350877192	7070.6140350877195	7211.746031746031	530.4761904761905	666.031746031746	6834.210526315789	10100.877192982456		1848.2456140350878	0.0013866267552933927	10	1.0	10	8295.61403508772	0.0	180.0	171.11111111111111	386.8421052631579	118.81940500781342	189.26966792026502		2282.566730737757	70.0	[0, 1, 2, 3, 4, 5, 6, 7, 8, 9]	[]
SegSyllsOutput_SynSongs_amp100_30p_19_S4A06622_20180722_170100_clip.gzip	344.7971781305114	407.77777777777777	1947.1052631578946	5089.122807017543	6993.245614035087	7180.952380952381	550.4761904761905	637.4603174603175	6447.368421052632	10100.877192982456		1805.2631578947369	0.0013925729442970823	10	1.0	10	8338.59649122807	0.0	200.95238095238093	163.4920634920635	343.859649122807	129.25142972040217	164.85707798890937		2083.361220701829	70.0	[0, 1, 2, 3, 4, 5, 6, 7, 8, 9]	[]
SegSyllsOutput_SynSongs_amp100_30p_19_WhiteNoise_001.gzip	310.93474426807757	441.4603174603174	2063.157894736842	5054.736842105264	7074.912280701756	7213.015873015873	529.8412698412698	666.984126984127	6834.210526315789	10100.877192982456		1891.2280701754385	0.0013863826416090842	10	1.0	10	8252.631578947368	0.0	180.3174603174603	171.11111111111111	386.8421052631579	119.20614958991497	189.20476308178368		2293.113923189205	70.0	[0, 1, 2, 3, 4, 5, 6, 7, 8, 9]	[]
SegSyllsOutput_SynSongs_amp100_30p_19_WhiteNoise_01.gzip	311.53439153439155	441.3015873015873	2080.3508771929824	5037.543859649122	7074.912280701756	7216.825396825397	529.5238095238095	666.031746031746	6877.19298245614	10143.859649122807		1848.2456140350878	0.0013856508159943695	10	1.0	10	8338.59649122807	0.0	183.8095238095238	171.11111111111111	386.8421052631579	120.10619303953476	188.9629751112079		2279.214284768043	70.0	[0, 1, 2, 3, 4, 5, 6, 7, 8, 9]	[]
SegSyllsOutput_SynSongs_amp100_30p_1_S4A06622_20180409_161600_clip.gzip	319.5061728395061	310.1904761904762	1809.5614035087722	4706.578947368421	6473.157894736843	5977.460317460317	516.1904761904761	577.1428571428571	4384.210526315789	9585.087719298246		2106.1403508771928	0.001672951298528865	10	1.0	10	7521.929824561404	0.0	171.42857142857142	96.5079365079365	558.7719298245614	106.79014384601858	148.36835108772473		1316.7964600259588	70.0	[0, 1, 2, 3, 4, 5, 6, 7, 8, 9]	[]
SegSyllsOutput_SynSongs_amp100_30p_1_S4A06622_20180722_170100_clip.gzip	383.7389770723104	247.6825396825397	1422.719298245614	4891.40350877193	6271.140350877192	5930.47619047619	638.7301587301587	444.1269841269841	3438.59649122807	9112.280701754386		2192.1052631578946	0.0016862052352657783	10	1.0	10	6963.157894736842	0.0	215.55555555555554	84.12698412698413	429.82456140350877	130.78101127263474	114.03350575860635		1074.9338535818285	70.0	[0, 1, 2, 3, 4, 5, 6, 7, 8, 9]	[]
SegSyllsOutput_SynSongs_amp100_30p_1_WhiteNoise_001.gzip	319.7883597883598	309.968253968254	1805.263157894737	4710.877192982457	6473.157894736843	5977.777777777777	518.7301587301587	575.5555555555555	4384.210526315789	9585.087719298246		2149.122807017544	0.0016728624535315986	10	1.0	10	7478.9473684210525	0.0	171.42857142857142	96.5079365079365	558.7719298245614	107.56261103898889	147.90540960385547		1320.773471691425	70.0	[0, 1, 2, 3, 4, 5, 6, 7, 8, 9]	[]
SegSyllsOutput_SynSongs_amp100_30p_1_WhiteNoise_01.gzip	327.6543209876543	302.6349206349206	1788.0701754385966	4719.473684210527	6464.561403508771	5975.2380952380945	530.4761904761905	562.2222222222222	4384.210526315789	9499.122807017544		2192.1052631578946	0.0016735734778450752	10	1.0	10	7350.0	0.0	173.33333333333331	96.19047619047619	558.7719298245614	110.34434346926214	143.41143104491977		1307.3702835234333	70.0	[0, 1, 2, 3, 4, 5, 6, 7, 8, 9]	[]
SegSyllsOutput_SynSongs_amp100_30p_20_S4A06622_20180409_161600_clip.gzip	313.4391534391534	470.6984126984127	911.2280701754386	5858.508771929825	6726.754385964912	7527.936507936508	615.2380952380952	703.4920634920635	3137.719298245614	9284.21052631579		2149.122807017544	0.0013283852739003922	10	1.0	10	7178.070175438596	0.0	126.03174603174602	148.25396825396825	472.8070175438596	177.5080862533061	205.90694975564074		863.1760010145507	70.0	[0, 1, 2, 3, 4, 5, 6, 7, 8, 9]	[]
SegSyllsOutput_SynSongs_amp100_30p_20_S4A06622_20180722_170100_clip.gzip	344.58553791887124	440.44444444444446	872.5438596491227	5871.40350877193	6700.9649122807	7505.714285714285	636.1904761904761	661.9047619047618	3008.7719298245615	9284.21052631579		2106.1403508771928	0.0013323182337266846	10	1.0	10	7221.0526315789475	0.0	133.96825396825395	139.04761904761904	429.82456140350877	188.38856714933704	189.18700704846628		820.315793100671	70.0	[0, 1, 2, 3, 4, 5, 6, 7, 8, 9]	[]
SegSyllsOutput_SynSongs_amp100_30p_20_WhiteNoise_001.gzip	313.08641975308643	471.0793650793651	902.6315789473683	5867.105263157895	6726.754385964912	7528.571428571428	613.968253968254	704.1269841269841	3094.7368421052633	9284.21052631579		2149.122807017544	0.0013282732447817836	10	1.0	10	7178.070175438596	0.0	126.03174603174602	148.25396825396825	472.8070175438596	177.34441069421712	206.2698232870727		846.6561969965072	70.0	[0, 1, 2, 3, 4, 5, 6, 7, 8, 9]	[]
SegSyllsOutput_SynSongs_amp100_30p_20_WhiteNoise_01.gzip	313.0511463844797	471.3333333333333	915.5263157894736	5854.210526315789	6726.754385964912	7530.79365079365	616.8253968253968	707.3015873015872	3137.719298245614	9284.21052631579		2149.122807017544	0.0013278812916280248	10	1.0	10	7178.070175438596	0.0	126.66666666666666	146.984126984127	472.8070175438596	177.40624757990932	207.23273337895407		860.8541748750372	70.0	[0, 1, 2, 3, 4, 5, 6, 7, 8, 9]	[]
SegSyllsOutput_SynSongs_amp100_30p_21_S4A06622_20180409_161600_clip.gzip	320.5996472663139	451.68253968253964	2209.2982456140353	5484.561403508773	7650.877192982456	7402.222222222222	525.7142857142857	675.2380952380952	5673.684210526316	10057.894736842105		2621.9298245614036	0.0013509456619633744	10	1.0	10	7478.9473684210525	0.0	102.22222222222221	132.38095238095238	515.7894736842105	151.89020218861407	186.3530701551488		1823.9513525041637	70.0	[0, 1, 2, 3, 4, 5, 6, 7, 8, 9]	[]
SegSyllsOutput_SynSongs_amp100_30p_21_S4A06622_20180722_170100_clip.gzip	335.62610229276896	438.41269841269843	2153.4210526315787	5510.350877192982	7620.789473684211	7404.761904761905	547.3015873015872	654.6031746031746	5501.754385964912	10057.894736842105		2664.9122807017543	0.0013504823151125403	10	1.0	10	7435.964912280701	0.0	113.33333333333333	132.69841269841268	515.7894736842105	156.2286036972638	177.26658679163134		1734.448478105856	70.0	[0, 1, 2, 3, 4, 5, 6, 7, 8, 9]	[]
SegSyllsOutput_SynSongs_amp100_30p_21_WhiteNoise_001.gzip	320.2821869488536	451.96825396825386	2209.2982456140353	5484.561403508773	7650.877192982456	7402.222222222222	523.1746031746031	674.6031746031746	5673.684210526316	10057.894736842105		2621.9298245614036	0.0013509456619633744	10	1.0	10	7478.9473684210525	0.0	102.22222222222221	132.38095238095238	515.7894736842105	151.66103454398888	186.47142424696762		1823.9513525041637	70.0	[0, 1, 2, 3, 4, 5, 6, 7, 8, 9]	[]
SegSyllsOutput_SynSongs_amp100_30p_21_WhiteNoise_01.gzip	319.7883597883598	452.3809523809523	2226.4912280701756	5480.263157894737	7663.771929824562	7401.9047619047615	523.8095238095237	675.2380952380952	5716.666666666667	10057.894736842105		2621.9298245614036	0.0013510036026762738	10	1.0	10	7478.9473684210525	0.0	99.68253968253968	133.015873015873	515.7894736842105	151.83906625376858	186.52594006693073		1833.0000443200606	70.0	[0, 1, 2, 3, 4, 5, 6, 7, 8, 9]	[]
SegSyllsOutput_SynSongs_amp100_30p_22_S4A06622_20180409_161600_clip.gzip	308.57142857142856	390.57142857142856	1981.4912280701756	5179.3859649122805	7117.894736842106	6682.857142857142	504.4444444444444	655.2380952380952	6103.508771929824	9885.964912280702		2321.0526315789475	0.0014963659683625483	10	1.0	10	7607.894736842105	0.0	49.52380952380952	113.01587301587301	515.7894736842105	143.83720256429416	207.47294343074208		2064.4956879438614	70.0	[0, 1, 2, 3, 4, 5, 6, 7, 8, 9]	[]
SegSyllsOutput_SynSongs_amp100_30p_22_S4A06622_20180722_170100_clip.gzip	349.02998236331564	348.4444444444444	1749.385964912281	5304.035087719297	7010.438596491229	6625.714285714285	530.7936507936507	557.1428571428571	5243.859649122807	9800.0		2321.0526315789475	0.001509271237602415	10	1.0	10	7521.929824561404	0.0	68.88888888888889	103.80952380952381	515.7894736842105	145.48198025447408	181.12360474847816		1802.765491153478	70.0	[0, 1, 2, 3, 4, 5, 6, 7, 8, 9]	[]
SegSyllsOutput_SynSongs_amp100_30p_22_WhiteNoise_001.gzip	308.35978835978835	390.8253968253968	1977.1929824561405	5183.684210526317	7117.894736842106	6683.492063492063	505.07936507936506	654.2857142857142	6103.508771929824	9885.964912280702		2321.0526315789475	0.0014962238160832187	10	1.0	10	7607.894736842105	0.0	49.52380952380952	113.33333333333333	515.7894736842105	144.0860720899837	207.57128014917564		2065.5444286691577	70.0	[0, 1, 2, 3, 4, 5, 6, 7, 8, 9]	[]
SegSyllsOutput_SynSongs_amp100_30p_22_WhiteNoise_01.gzip	308.9241622574956	390.063492063492	2002.9824561403507	5175.087719298244	7135.087719298245	6680.952380952381	505.39682539682536	650.1587301587301	6060.526315789473	9885.964912280702		2278.0701754385964	0.001496792587312901	10	1.0	10	7650.877192982456	0.0	49.2063492063492	113.33333333333333	515.7894736842105	144.45669269929886	206.29683503093534		2044.6882841994332	70.0	[0, 1, 2, 3, 4, 5, 6, 7, 8, 9]	[]
SegSyllsOutput_SynSongs_amp100_30p_23_S4A06622_20180409_161600_clip.gzip	339.7883597883598	441.047619047619	1160.5263157894738	5720.964912280702	6838.508771929825	7468.571428571428	505.71428571428567	603.1746031746031	2278.0701754385964	9928.947368421053		2020.1754385964912	0.0013389441469013007	10	1.0	10	7951.754385964912	0.0	90.15873015873015	235.87301587301587	515.7894736842105	152.74188405401074	132.2328016923087		609.886570781196	70.0	[0, 1, 2, 3, 4, 5, 6, 7, 8, 9]	[]
SegSyllsOutput_SynSongs_amp100_30p_23_S4A06622_20180722_170100_clip.gzip	475.3439153439153	312.5079365079365	799.4736842105264	5918.684210526315	6675.175438596491	7403.174603174602	675.8730158730158	409.5238095238095	1504.3859649122808	9757.017543859649		2106.1403508771928	0.0013507718696397944	10	1.0	10	7693.859649122807	0.0	205.7142857142857	197.77777777777777	300.8771929824561	146.6328209418841	77.53100541926018		432.300859001946	70.0	[0, 1, 2, 3, 4, 5, 6, 7, 8, 9]	[]
SegSyllsOutput_SynSongs_amp100_30p_23_WhiteNoise_001.gzip	339.22398589065256	441.4603174603174	1151.9298245614034	5720.964912280702	6829.912280701753	7467.619047619047	505.71428571428567	605.3968253968253	2278.0701754385964	9928.947368421053		2020.1754385964912	0.0013391149088126516	10	1.0	10	7951.754385964912	0.0	91.1111111111111	236.19047619047618	472.8070175438596	152.64321933498098	132.46354412056945		614.5138484437995	70.0	[0, 1, 2, 3, 4, 5, 6, 7, 8, 9]	[]
SegSyllsOutput_SynSongs_amp100_30p_23_WhiteNoise_01.gzip	336.7195767195767	444.0	1199.2105263157894	5708.070175438597	6864.298245614034	7470.47619047619	505.07936507936506	612.063492063492	2278.0701754385964	9971.929824561403		2020.1754385964912	0.0013386027536970934	10	1.0	10	7994.736842105263	0.0	88.88888888888889	235.55555555555554	515.7894736842105	152.07094789025237	134.73590008827918		610.7106399286838	70.0	[0, 1, 2, 3, 4, 5, 6, 7, 8, 9]	[]
SegSyllsOutput_SynSongs_amp100_30p_24_S4A06622_20180409_161600_clip.gzip	342.5396825396825	458.85714285714283	2763.7719298245615	4431.4912280701765	7152.280701754385	7671.428571428571	541.2698412698412	635.5555555555555	6404.3859649122805	8639.473684210527		2020.1754385964912	0.001303538175046555	10	1.0	10	6662.2807017543855	0.0	137.77777777777777	293.6507936507936	472.8070175438596	161.34465831081022	108.86509990499373		2051.488787774967	70.0	[0, 1, 2, 3, 4, 5, 6, 7, 8, 9]	[]
SegSyllsOutput_SynSongs_amp100_30p_24_S4A06622_20180722_170100_clip.gzip	450.4761904761904	353.8730158730159	2140.5263157894738	4676.491228070176	6774.0350877193	7593.015873015873	639.3650793650793	562.8571428571428	5845.6140350877195	8424.561403508771		2020.1754385964912	0.001316999749142905	10	1.0	10	6447.368421052632	0.0	225.3968253968254	214.28571428571428	386.8421052631579	168.2897536068676	100.9195480867063		1763.2472507494238	70.0	[0, 1, 2, 3, 4, 5, 6, 7, 8, 9]	[]
SegSyllsOutput_SynSongs_amp100_30p_24_WhiteNoise_001.gzip	343.38624338624345	458.06349206349205	2750.877192982456	4444.38596491228	7152.280701754385	7671.11111111111	540.952380952381	635.5555555555555	6404.3859649122805	8639.473684210527		2020.1754385964912	0.0013035921205098494	10	1.0	10	6662.2807017543855	0.0	137.14285714285714	294.9206349206349	472.8070175438596	161.77142034803617	108.09641127800377		2048.379494812665	70.0	[0, 1, 2, 3, 4, 5, 6, 7, 8, 9]	[]
SegSyllsOutput_SynSongs_amp100_30p_24_WhiteNoise_01.gzip	338.694885361552	462.1587301587301	2798.157894736842	4405.701754385965	7160.877192982457	7669.841269841269	534.2857142857142	641.5873015873016	6447.368421052632	8639.473684210527		1977.1929824561403	0.0013038079470198676	10	1.0	10	6705.263157894737	0.0	133.015873015873	300.6349206349206	515.7894736842105	160.1559334351159	110.5783954245651		2031.013913839768	70.0	[0, 1, 2, 3, 4, 5, 6, 7, 8, 9]	[]
SegSyllsOutput_SynSongs_amp100_30p_25_S4A06622_20180409_161600_clip.gzip	344.8677248677248	453.68253968253964	1757.9824561403507	5965.964912280702	7680.964912280701	7640.6349206349205	528.5714285714286	697.1428571428571	4384.210526315789	10229.82456140351		2020.1754385964912	0.0013087917566893801	10	1.0	10	8252.631578947368	0.0	106.98412698412697	124.76190476190476	429.82456140350877	157.99496405636026	224.2839331357897		1560.2427651055102	70.0	[0, 1, 2, 3, 4, 5, 6, 7, 8, 9]	[]
SegSyllsOutput_SynSongs_amp100_30p_25_S4A06622_20180722_170100_clip.gzip	416.9664902998236	378.57142857142856	1482.8947368421054	6047.631578947367	7487.543859649122	7538.412698412698	663.4920634920635	556.8253968253968	3524.561403508772	10186.842105263158		2063.157894736842	0.0013265392066032175	10	1.0	10	8166.666666666667	0.0	135.87301587301587	115.87301587301587	386.8421052631579	188.62273573233472	173.6950087027918		1289.1950641159224	70.0	[0, 1, 2, 3, 4, 5, 6, 7, 8, 9]	[]
SegSyllsOutput_SynSongs_amp100_30p_25_WhiteNoise_001.gzip	345.00881834215164	453.61904761904754	1753.684210526316	5965.964912280702	7676.666666666668	7641.269841269841	527.936507936508	698.0952380952381	4341.228070175439	10229.82456140351		2020.1754385964912	0.0013086830078936436	10	1.0	10	8252.631578947368	0.0	107.30158730158729	124.76190476190476	429.82456140350877	157.88830546054945	224.16112824540687		1552.2427019308159	70.0	[0, 1, 2, 3, 4, 5, 6, 7, 8, 9]	[]
SegSyllsOutput_SynSongs_amp100_30p_25_WhiteNoise_01.gzip	339.6119929453263	458.98412698412693	1783.7719298245615	5953.070175438596	7693.859649122807	7646.349206349206	512.3809523809524	718.0952380952381	4427.19298245614	10229.82456140351		2020.1754385964912	0.0013078136676907747	10	1.0	10	8252.631578947368	0.0	105.39682539682539	125.71428571428571	515.7894736842105	155.34840254176936	228.75785068714214		1554.2845492285476	70.0	[0, 1, 2, 3, 4, 5, 6, 7, 8, 9]	[]
SegSyllsOutput_SynSongs_amp100_30p_26_S4A06622_20180409_161600_clip.gzip	328.7477954144621	407.07936507936506	1005.7894736842105	6507.543859649122	7470.350877192983	7029.523809523809	493.6507936507936	649.5238095238095	1848.2456140350878	10186.842105263158		2020.1754385964912	0.0014225714672808562	10	1.0	10	8209.649122807017	0.0	191.11111111111111	115.23809523809523	472.8070175438596	90.33728004017483	184.60450455299556		472.2422641628915	70.0	[0, 1, 2, 3, 4, 5, 6, 7, 8, 9]	[]
SegSyllsOutput_SynSongs_amp100_30p_26_WhiteNoise_001.gzip	328.7477954144621	407.1111111111111	1001.4912280701753	6507.543859649122	7466.052631578947	7029.841269841269	498.7301587301587	653.6507936507936	1848.2456140350878	10186.842105263158		2020.1754385964912	0.0014225072254335262	10	1.0	10	8209.649122807017	0.0	193.96825396825395	114.92063492063491	472.8070175438596	91.7287443359112	185.36512497458443		472.1770568446745	70.0	[0, 1, 2, 3, 4, 5, 6, 7, 8, 9]	[]
SegSyllsOutput_SynSongs_amp100_30p_26_WhiteNoise_01.gzip	356.9312169312169	381.4920634920635	988.59649122807	6503.245614035088	7448.859649122807	7027.301587301587	527.3015873015872	619.3650793650793	1805.2631578947369	10186.842105263158		2020.1754385964912	0.001423021322732201	10	1.0	10	8209.649122807017	0.0	206.66666666666666	110.79365079365078	515.7894736842105	95.75678858357118	170.33632378596826		454.8835587444384	70.0	[0, 1, 2, 3, 4, 5, 6, 7, 8, 9]	[]
SegSyllsOutput_SynSongs_amp100_30p_27_S4A06622_20180409_161600_clip.gzip	299.1887125220458	446.3492063492064	2007.280701754386	5050.438596491228	7014.736842105262	7156.190476190476	646.3492063492063	667.3015873015872	4771.0526315789475	9928.947368421053		2321.0526315789475	0.0013973915357998403	10	1.0	10	7650.877192982456	0.0	89.2063492063492	168.88888888888889	386.8421052631579	162.84477436178003	145.55646912139568		1537.3932589149163	70.0	[0, 1, 2, 3, 4, 5, 6, 7, 8, 9]	[]
SegSyllsOutput_SynSongs_amp100_30p_27_S4A06622_20180722_170100_clip.gzip	298.6243386243386	447.1746031746031	2033.0701754385962	5033.245614035089	7023.333333333332	7159.365079365079	643.1746031746031	672.3809523809523	4771.0526315789475	9928.947368421053		2321.0526315789475	0.0013967719049308267	10	1.0	10	7650.877192982456	0.0	88.88888888888889	168.25396825396825	472.8070175438596	163.39348237657575	146.3108444023215		1517.232672124413	70.0	[0, 1, 2, 3, 4, 5, 6, 7, 8, 9]	[]
SegSyllsOutput_SynSongs_amp100_30p_27_WhiteNoise_001.gzip	298.90652557319225	446.6031746031746	2011.578947368421	5046.140350877192	7014.736842105262	7156.190476190476	644.7619047619047	669.2063492063492	4771.0526315789475	9928.947368421053		2321.0526315789475	0.0013973915357998403	10	1.0	10	7650.877192982456	0.0	89.2063492063492	168.88888888888889	386.8421052631579	162.59006156808385	145.8027343151741		1540.0280736503041	70.0	[0, 1, 2, 3, 4, 5, 6, 7, 8, 9]	[]
SegSyllsOutput_SynSongs_amp100_30p_27_WhiteNoise_01.gzip	300.17636684303346	445.52380952380946	2020.1754385964912	5041.842105263158	7019.035087719299	7156.825396825397	649.2063492063492	663.8095238095237	4771.0526315789475	9928.947368421053		2321.0526315789475	0.0013972675656493967	10	1.0	10	7650.877192982456	0.0	88.57142857142857	168.57142857142856	429.82456140350877	163.7896898838498	144.4873630445273		1530.159340213629	70.0	[0, 1, 2, 3, 4, 5, 6, 7, 8, 9]	[]
SegSyllsOutput_SynSongs_amp100_30p_28_S4A06622_20180409_161600_clip.gzip	247.01940035273367	358.03174603174597	2067.4561403508774	4826.929824561404	6851.4035087719285	5803.492063492064	404.1269841269841	694.9206349206349	3567.5438596491226	9585.087719298246		2578.9473684210525	0.0017231004868442645	10	1.0	10	7049.122807017544	0.0	20.317460317460316	147.93650793650792	429.82456140350877	130.7014859091405	186.99097192850365		989.2088534827338	70.0	[0, 1, 2, 3, 4, 5, 6, 7, 8, 9]	[]
SegSyllsOutput_SynSongs_amp100_30p_28_S4A06622_20180722_170100_clip.gzip	241.79894179894174	362.5079365079365	2123.333333333333	4788.245614035087	6868.596491228071	5801.269841269841	406.66666666666663	718.0952380952381	3567.5438596491226	9585.087719298246		2535.964912280702	0.0017237605340921528	10	1.0	10	7092.105263157895	0.0	22.857142857142854	146.03174603174602	601.7543859649122	126.14184947096923	194.4750981848395		939.1226777427737	70.0	[0, 1, 2, 3, 4, 5, 6, 7, 8, 9]	[]
SegSyllsOutput_SynSongs_amp100_30p_28_WhiteNoise_001.gzip	246.94885361552028	358.09523809523813	2067.4561403508774	4826.929824561404	6851.4035087719285	5803.492063492064	403.4920634920635	693.968253968254	3567.5438596491226	9585.087719298246		2578.9473684210525	0.0017231004868442645	10	1.0	10	7049.122807017544	0.0	20.317460317460316	147.93650793650792	429.82456140350877	130.61644688413105	186.88417902295157		989.2088534827338	70.0	[0, 1, 2, 3, 4, 5, 6, 7, 8, 9]	[]
SegSyllsOutput_SynSongs_amp100_30p_28_WhiteNoise_01.gzip	245.6084656084656	359.2063492063492	2067.4561403508774	4831.228070175438	6855.701754385965	5802.539682539682	402.85714285714283	693.968253968254	3524.561403508772	9585.087719298246		2578.9473684210525	0.001723383302330671	10	1.0	10	7049.122807017544	0.0	20.317460317460316	147.93650793650792	429.82456140350877	129.73974375106337	188.01509689593485		982.545896241141	70.0	[0, 1, 2, 3, 4, 5, 6, 7, 8, 9]	[]
SegSyllsOutput_SynSongs_amp100_30p_29_S4A06622_20180409_161600_clip.gzip	379.8589065255732	426.66666666666663	1904.122807017544	4259.561403508773	6120.701754385964	7685.396825396825	564.1269841269841	772.3809523809523	4298.245614035088	9499.122807017544		1848.2456140350878	0.0013011689867404685	10	1.0	10	7693.859649122807	0.0	163.8095238095238	115.23809523809523	515.7894736842105	135.98405482748535	229.05572835662005		1474.137418128452	70.0	[0, 1, 2, 3, 4, 5, 6, 7, 8, 9]	[]
SegSyllsOutput_SynSongs_amp100_30p_29_S4A06622_20180722_170100_clip.gzip	393.36860670194005	413.1746031746032	1878.3333333333333	4263.859649122806	6099.210526315788	7672.063492063492	583.4920634920635	760.0	4212.2807017543855	9456.140350877193		1805.2631578947369	0.0013034302975131378	10	1.0	10	7693.859649122807	0.0	177.77777777777777	113.96825396825396	558.7719298245614	139.2704459089024	218.83368895468715		1438.4752510362425	70.0	[0, 1, 2, 3, 4, 5, 6, 7, 8, 9]	[]
SegSyllsOutput_SynSongs_amp100_30p_29_WhiteNoise_001.gzip	379.75308641975306	426.7619047619047	1899.8245614035088	4263.859649122806	6120.701754385964	7685.396825396825	564.1269841269841	771.7460317460317	4298.245614035088	9499.122807017544		1848.2456140350878	0.0013011689867404685	10	1.0	10	7693.859649122807	0.0	164.12698412698413	115.55555555555554	472.8070175438596	135.86381605275065	229.15309342367073		1478.6908941258523	70.0	[0, 1, 2, 3, 4, 5, 6, 7, 8, 9]	[]
SegSyllsOutput_SynSongs_amp100_30p_29_WhiteNoise_01.gzip	379.6119929453263	427.01587301587296	1917.0175438596493	4250.9649122807	6125.0	7686.666666666666	564.1269841269841	771.7460317460317	4298.245614035088	9499.122807017544		1805.2631578947369	0.0013009540329575022	10	1.0	10	7736.8421052631575	0.0	164.76190476190476	115.55555555555554	515.7894736842105	134.67435765456383	228.978446644532		1471.370666108617	70.0	[0, 1, 2, 3, 4, 5, 6, 7, 8, 9]	[]
SegSyllsOutput_SynSongs_amp100_30p_2_S4A06622_20180409_161600_clip.gzip	300.95238095238096	429.5238095238095	1302.3684210526317	4826.929824561404	6086.315789473685	7003.809523809524	417.1428571428571	581.9047619047619	3868.4210526315787	9757.017543859649		2063.157894736842	0.0014277943976067446	10	1.0	10	7736.8421052631575	0.0	148.25396825396825	321.90476190476187	472.8070175438596	102.11642953093363	88.17640889224279		1043.85342848737	70.0	[0, 1, 2, 3, 4, 5, 6, 7, 8, 9]	[]
SegSyllsOutput_SynSongs_amp100_30p_2_S4A06622_20180722_170100_clip.gzip	312.34567901234567	419.26984126984127	1285.1754385964912	4831.228070175438	6073.421052631579	7003.809523809524	429.5238095238095	581.2698412698412	3782.456140350877	9714.035087719298		2020.1754385964912	0.0014277943976067446	10	1.0	10	7736.8421052631575	0.0	156.5079365079365	311.1111111111111	472.8070175438596	102.19984528376403	90.12991690021109		1022.8760981288926	70.0	[0, 1, 2, 3, 4, 5, 6, 7, 8, 9]	[]
SegSyllsOutput_SynSongs_amp100_30p_2_WhiteNoise_001.gzip	300.77601410934744	429.7460317460317	1302.3684210526317	4826.929824561404	6086.315789473685	7004.444444444444	417.1428571428571	582.8571428571428	3868.4210526315787	9757.017543859649		2063.157894736842	0.0014276649746192893	10	1.0	10	7736.8421052631575	0.0	148.25396825396825	321.90476190476187	472.8070175438596	102.08732486201835	88.39039485126439		1043.85342848737	70.0	[0, 1, 2, 3, 4, 5, 6, 7, 8, 9]	[]
SegSyllsOutput_SynSongs_amp100_30p_2_WhiteNoise_01.gzip	300.8112874779542	430.0317460317459	1306.6666666666667	4822.631578947368	6086.315789473685	7007.619047619047	416.8253968253968	582.2222222222222	3825.438596491228	9757.017543859649		2063.157894736842	0.0014270182114705084	10	1.0	10	7736.8421052631575	0.0	147.93650793650792	322.53968253968253	472.8070175438596	102.37875118971373	88.38902028897797		1029.0286864895518	70.0	[0, 1, 2, 3, 4, 5, 6, 7, 8, 9]	[]
SegSyllsOutput_SynSongs_amp100_30p_30_S4A06622_20180409_161600_clip.gzip	304.6560846560847	417.2063492063492	1439.9122807017545	5725.263157894737	7122.192982456139	6913.9682539682535	611.1111111111111	697.7777777777777	4255.263157894737	9628.070175438595		2407.017543859649	0.0014463473988704715	10	1.0	10	7264.035087719298	0.0	139.68253968253967	93.33333333333333	515.7894736842105	163.02993710679675	192.21812539962602		1115.5674906688223	70.0	[0, 1, 2, 3, 4, 5, 6, 7, 8, 9]	[]
SegSyllsOutput_SynSongs_amp100_30p_30_S4A06622_20180722_170100_clip.gzip	303.13932980599645	418.6349206349206	1465.701754385965	5720.964912280702	7143.684210526315	6914.603174603174	613.968253968254	700.3174603174602	4255.263157894737	9628.070175438595		2364.035087719298	0.0014462145906983153	10	1.0	10	7307.017543859649	0.0	139.04761904761904	92.6984126984127	558.7719298245614	163.99986207465244	193.6416599459328		1104.6946501946134	70.0	[0, 1, 2, 3, 4, 5, 6, 7, 8, 9]	[]
SegSyllsOutput_SynSongs_amp100_30p_30_WhiteNoise_001.gzip	304.8324514991182	416.98412698412693	1439.9122807017545	5725.263157894737	7122.192982456139	6913.333333333333	612.063492063492	696.5079365079365	4255.263157894737	9628.070175438595		2407.017543859649	0.0014464802314368371	10	1.0	10	7264.035087719298	0.0	139.36507936507937	93.33333333333333	515.7894736842105	163.30778470936778	191.82230107707545		1115.5674906688223	70.0	[0, 1, 2, 3, 4, 5, 6, 7, 8, 9]	[]
SegSyllsOutput_SynSongs_amp100_30p_30_WhiteNoise_01.gzip	304.3386243386243	417.6825396825396	1444.2105263157894	5725.263157894737	7126.491228070176	6915.873015873016	609.5238095238095	699.047619047619	4212.2807017543855	9628.070175438595		2407.017543859649	0.0014459490475097544	10	1.0	10	7264.035087719298	0.0	136.8253968253968	93.65079365079364	515.7894736842105	163.53513071224882	192.1099277752772		1096.6283890820253	70.0	[0, 1, 2, 3, 4, 5, 6, 7, 8, 9]	[]
SegSyllsOutput_SynSongs_amp100_30p_31_S4A06622_20180409_161600_clip.gzip	371.710758377425	493.3968253968254	1676.3157894736844	5321.228070175439	6954.561403508772	8279.36507936508	638.7301587301587	700.952380952381	5415.789473684211	10057.894736842105		2278.0701754385964	0.0012078220858895705	10	1.0	10	7822.80701754386	0.0	99.04761904761904	152.69841269841268	429.82456140350877	185.49549209458854	172.5568591986554		1620.843287918027	70.0	[0, 1, 2, 3, 4, 5, 6, 7, 8, 9]	[]
SegSyllsOutput_SynSongs_amp100_30p_31_S4A06622_20180722_170100_clip.gzip	410.29982363315696	456.5714285714286	1568.8596491228068	5377.105263157896	6902.982456140352	8258.412698412698	716.5079365079365	632.063492063492	5200.877192982456	10014.912280701754		2278.0701754385964	0.0012108864457599756	10	1.0	10	7779.824561403509	0.0	130.79365079365078	147.93650793650792	429.82456140350877	198.5797462579271	152.18386725689024		1546.3399495235494	70.0	[0, 1, 2, 3, 4, 5, 6, 7, 8, 9]	[]
SegSyllsOutput_SynSongs_amp100_30p_31_WhiteNoise_001.gzip	371.9223985890652	493.2063492063492	1676.3157894736844	5321.228070175439	6954.561403508772	8279.36507936508	641.9047619047618	701.9047619047618	5415.789473684211	10057.894736842105		2278.0701754385964	0.0012078220858895705	10	1.0	10	7822.80701754386	0.0	98.73015873015872	152.38095238095238	429.82456140350877	185.71992333805804	172.43185414553503		1620.843287918027	70.0	[0, 1, 2, 3, 4, 5, 6, 7, 8, 9]	[]
SegSyllsOutput_SynSongs_amp100_30p_31_WhiteNoise_01.gzip	372.02821869488537	493.01587301587307	1684.9122807017545	5312.631578947369	6954.561403508772	8278.412698412698	633.968253968254	704.7619047619047	5415.789473684211	10057.894736842105		2278.0701754385964	0.0012079610384630134	10	1.0	10	7822.80701754386	0.0	101.9047619047619	153.33333333333331	472.8070175438596	183.43468952834246	172.94204207599586		1613.70996386415	70.0	[0, 1, 2, 3, 4, 5, 6, 7, 8, 9]	[]
SegSyllsOutput_SynSongs_amp100_30p_32_S4A06622_20180409_161600_clip.gzip	321.2698412698412	410.031746031746	1792.3684210526312	4900.0	6649.3859649122805	6991.746031746032	659.6825396825396	678.0952380952381	6146.491228070176	9585.087719298246		2278.0701754385964	0.001430257900472212	10	1.0	10	7350.0	0.0	26.03174603174603	177.77777777777777	515.7894736842105	174.91566553019487	195.88677600528683		1742.6663647865337	70.0	[0, 1, 2, 3, 4, 5, 6, 7, 8, 9]	[]
SegSyllsOutput_SynSongs_amp100_30p_32_S4A06622_20180722_170100_clip.gzip	418.55379188712516	314.5714285714286	1418.421052631579	5106.315789473685	6481.754385964913	6912.6984126984125	877.1428571428571	477.77777777777777	5071.929824561404	9413.157894736842		2321.0526315789475	0.0014466130884041332	10	1.0	10	7135.087719298245	0.0	59.047619047619044	149.2063492063492	386.8421052631579	238.64936106912737	119.11992630669923		1451.3961914487127	70.0	[0, 1, 2, 3, 4, 5, 6, 7, 8, 9]	[]
SegSyllsOutput_SynSongs_amp100_30p_32_WhiteNoise_001.gzip	320.21164021164014	411.1746031746032	1788.0701754385962	4904.298245614036	6649.3859649122805	6993.650793650793	656.8253968253968	677.4603174603175	6103.508771929824	9585.087719298246		2278.0701754385964	0.0014298683613254654	10	1.0	10	7350.0	0.0	25.396825396825395	178.09523809523807	515.7894736842105	173.99917173994808	197.0432770282505		1730.7460012582376	70.0	[0, 1, 2, 3, 4, 5, 6, 7, 8, 9]	[]
SegSyllsOutput_SynSongs_amp100_30p_32_WhiteNoise_01.gzip	314.9911816578483	416.76190476190476	1822.4561403508771	4882.807017543861	6662.2807017543855	7002.539682539682	645.3968253968253	695.2380952380952	6189.473684210527	9585.087719298246		2278.0701754385964	0.0014280533139903891	10	1.0	10	7350.0	0.0	24.444444444444443	176.8253968253968	515.7894736842105	169.66811955429603	204.35086096323948		1739.3826890939583	70.0	[0, 1, 2, 3, 4, 5, 6, 7, 8, 9]	[]
SegSyllsOutput_SynSongs_amp100_30p_33_S4A06622_20180409_161600_clip.gzip	303.49206349206344	429.80952380952374	1908.421052631579	4891.40350877193	6756.8421052631575	7029.523809523809	577.7777777777777	780.952380952381	4728.070175438596	10186.842105263158		2106.1403508771928	0.0014225714672808562	10	1.0	10	8123.684210526316	0.0	47.61904761904761	122.22222222222221	472.8070175438596	158.91100808566952	180.57750394728802		1308.3120347562167	70.0	[0, 1, 2, 3, 4, 5, 6, 7, 8, 9]	[]
SegSyllsOutput_SynSongs_amp100_30p_33_S4A06622_20180722_170100_clip.gzip	314.92063492063494	417.58730158730157	1886.9298245614034	4900.0	6743.947368421052	7010.15873015873	595.8730158730158	773.968253968254	4513.157894736842	10143.859649122807		2063.157894736842	0.001426501222715334	10	1.0	10	8123.684210526316	0.0	52.698412698412696	120.63492063492063	472.8070175438596	159.85324902700535	178.74179292441622		1265.9288057603076	70.0	[0, 1, 2, 3, 4, 5, 6, 7, 8, 9]	[]
SegSyllsOutput_SynSongs_amp100_30p_33_WhiteNoise_001.gzip	303.42151675485013	429.93650793650784	1904.122807017544	4895.701754385964	6756.8421052631575	7030.15873015873	577.4603174603175	781.2698412698412	4685.087719298245	10186.842105263158		2106.1403508771928	0.0014224429893881238	10	1.0	10	8123.684210526316	0.0	47.3015873015873	122.22222222222221	472.8070175438596	158.79116111743875	180.661671241529		1298.0496170738181	70.0	[0, 1, 2, 3, 4, 5, 6, 7, 8, 9]	[]
SegSyllsOutput_SynSongs_amp100_30p_33_WhiteNoise_01.gzip	302.43386243386243	430.73015873015873	1912.719298245614	4887.105263157894	6756.8421052631575	7029.206349206349	571.1111111111111	786.6666666666666	4685.087719298245	10186.842105263158		2063.157894736842	0.0014226357149309005	10	1.0	10	8166.666666666667	0.0	46.03174603174603	122.22222222222221	472.8070175438596	157.27171244184865	182.16191567629525		1299.5037138046691	70.0	[0, 1, 2, 3, 4, 5, 6, 7, 8, 9]	[]
SegSyllsOutput_SynSongs_amp100_30p_34_S4A06622_20180409_161600_clip.gzip	223.38624338624336	335.7460317460317	1414.122807017544	6034.736842105262	7405.877192982456	5367.936507936508	379.04761904761904	546.984126984127	4985.964912280701	10014.912280701754		2664.9122807017543	0.0018629132414690402	10	1.0	10	7392.982456140351	0.0	86.98412698412697	131.42857142857142	429.82456140350877	94.64803985676427	148.20106386796843		1377.2954388826547	70.0	[0, 1, 2, 3, 4, 5, 6, 7, 8, 9]	[]
SegSyllsOutput_SynSongs_amp100_30p_34_S4A06622_20180722_170100_clip.gzip	223.03350970017635	335.968253968254	1431.3157894736844	6026.140350877193	7414.473684210526	5366.984126984126	381.90476190476187	546.984126984127	4942.982456140351	10057.894736842105		2621.9298245614036	0.0018632438187625698	10	1.0	10	7478.9473684210525	0.0	85.07936507936508	131.11111111111111	429.82456140350877	95.12958250805049	148.98373952524864		1362.2492932769749	70.0	[0, 1, 2, 3, 4, 5, 6, 7, 8, 9]	[]
SegSyllsOutput_SynSongs_amp100_30p_34_WhiteNoise_001.gzip	223.35097001763668	335.8730158730158	1414.122807017544	6034.736842105262	7405.877192982456	5368.888888888889	378.73015873015873	547.6190476190476	4985.964912280701	10014.912280701754		2664.9122807017543	0.0018625827814569536	10	1.0	10	7392.982456140351	0.0	86.98412698412697	131.11111111111111	429.82456140350877	94.59746322259888	148.53343700931774		1377.2954388826547	70.0	[0, 1, 2, 3, 4, 5, 6, 7, 8, 9]	[]
SegSyllsOutput_SynSongs_amp100_30p_34_WhiteNoise_01.gzip	224.09171075837742	335.6190476190476	1422.719298245614	6030.438596491228	7410.1754385964905	5373.015873015873	379.68253968253964	546.3492063492063	5028.9473684210525	10014.912280701754		2621.9298245614036	0.001861152141802068	10	1.0	10	7435.964912280701	0.0	86.34920634920634	131.42857142857142	429.82456140350877	95.07597901123306	148.538472957499		1388.7243639087828	70.0	[0, 1, 2, 3, 4, 5, 6, 7, 8, 9]	[]
SegSyllsOutput_SynSongs_amp100_30p_35_S4A06622_20180409_161600_clip.gzip	372.91005291005285	487.1746031746032	2217.894736842105	4444.38596491228	6619.298245614035	8227.936507936507	556.8253968253968	823.8095238095237	4728.070175438596	8596.491228070176		2192.1052631578946	0.0012153715564472568	10	1.0	10	6447.368421052632	0.0	133.65079365079364	133.33333333333331	515.7894736842105	145.22343581148988	216.25612855577077		1402.5137310953066	70.0	[0, 1, 2, 3, 4, 5, 6, 7, 8, 9]	[]
SegSyllsOutput_SynSongs_amp100_30p_35_S4A06622_20180722_170100_clip.gzip	365.1499118165784	494.85714285714283	2260.877192982456	4414.298245614034	6632.192982456141	8234.920634920634	553.6507936507936	827.9365079365078	4642.105263157895	8596.491228070176		2149.122807017544	0.0012143407864302236	10	1.0	10	6490.350877192983	0.0	118.09523809523809	133.33333333333331	601.7543859649122	150.6749556059586	220.58661367051135		1382.1679922539295	70.0	[0, 1, 2, 3, 4, 5, 6, 7, 8, 9]	[]
SegSyllsOutput_SynSongs_amp100_30p_35_WhiteNoise_001.gzip	372.8042328042328	487.23809523809524	2217.894736842105	4444.38596491228	6619.298245614035	8227.619047619048	556.5079365079365	823.8095238095237	4728.070175438596	8596.491228070176		2192.1052631578946	0.0012154184512096307	10	1.0	10	6447.368421052632	0.0	133.96825396825395	133.33333333333331	515.7894736842105	145.26229306619138	216.26356413717824		1402.5137310953066	70.0	[0, 1, 2, 3, 4, 5, 6, 7, 8, 9]	[]
SegSyllsOutput_SynSongs_amp100_30p_35_WhiteNoise_01.gzip	373.93298059964724	486.3809523809524	2230.7894736842104	4440.087719298246	6627.894736842105	8229.206349206348	558.4126984126984	822.8571428571428	4728.070175438596	8596.491228070176		2192.1052631578946	0.0012151840135791994	10	1.0	10	6447.368421052632	0.0	136.8253968253968	133.65079365079364	558.7719298245614	145.70031786673022	215.5857851543487		1389.0199661139231	70.0	[0, 1, 2, 3, 4, 5, 6, 7, 8, 9]	[]
SegSyllsOutput_SynSongs_amp100_30p_36_S4A06622_20180409_161600_clip.gzip	324.5149911816578	454.31746031746036	1667.7192982456138	4783.947368421053	6408.684210526317	7463.809523809523	476.5079365079365	733.015873015873	4513.157894736842	8424.561403508771		2621.9298245614036	0.0013397983922419294	10	1.0	10	5845.6140350877195	0.0	68.57142857142857	140.63492063492063	429.82456140350877	147.48396087195948	187.5348710143393		1503.7445026181372	70.0	[0, 1, 2, 3, 4, 5, 6, 7, 8, 9]	[]
SegSyllsOutput_SynSongs_amp100_30p_36_S4A06622_20180722_170100_clip.gzip	322.29276895943565	456.98412698412693	1697.8070175438595	4762.456140350878	6417.280701754386	7470.47619047619	474.6031746031746	735.8730158730158	4513.157894736842	8424.561403508771		2621.9298245614036	0.0013386027536970934	10	1.0	10	5845.6140350877195	0.0	69.2063492063492	140.3174603174603	472.8070175438596	148.46792774061774	189.05882119404055		1497.1022504327295	70.0	[0, 1, 2, 3, 4, 5, 6, 7, 8, 9]	[]
SegSyllsOutput_SynSongs_amp100_30p_36_WhiteNoise_001.gzip	324.5149911816578	454.31746031746036	1667.7192982456138	4783.947368421053	6408.684210526317	7463.809523809523	476.8253968253968	733.015873015873	4513.157894736842	8424.561403508771		2621.9298245614036	0.0013397983922419294	10	1.0	10	5845.6140350877195	0.0	68.57142857142857	140.63492063492063	429.82456140350877	147.37338987681517	187.5561866301644		1503.7445026181372	70.0	[0, 1, 2, 3, 4, 5, 6, 7, 8, 9]	[]
SegSyllsOutput_SynSongs_amp100_30p_36_WhiteNoise_01.gzip	323.9153439153439	454.76190476190476	1667.7192982456138	4783.947368421053	6408.684210526317	7462.857142857142	476.19047619047615	733.6507936507936	4513.157894736842	8424.561403508771		2621.9298245614036	0.0013399693721286372	10	1.0	10	5845.6140350877195	0.0	68.88888888888889	140.95238095238093	429.82456140350877	146.4525510541024	187.9057156956586		1503.7445026181372	70.0	[0, 1, 2, 3, 4, 5, 6, 7, 8, 9]	[]
SegSyllsOutput_SynSongs_amp100_30p_37_S4A06622_20180409_161600_clip.gzip	281.16402116402116	439.2063492063492	2462.8947368421054	4074.736842105264	6494.649122807018	6922.539682539682	453.9682539682539	561.5873015873016	6017.543859649123	9327.19298245614		2407.017543859649	0.0014445565440704394	10	1.0	10	6963.157894736842	0.0	116.82539682539682	204.76190476190476	429.82456140350877	118.91527034739441	127.54832773395873		1574.205357563038	70.0	[0, 1, 2, 3, 4, 5, 6, 7, 8, 9]	[]
SegSyllsOutput_SynSongs_amp100_30p_37_S4A06622_20180722_170100_clip.gzip	279.3298059964726	441.23809523809524	2501.578947368421	4053.2456140350882	6511.8421052631575	6926.349206349206	455.55555555555554	563.1746031746031	6060.526315789473	9327.19298245614		2364.035087719298	0.0014437620313502613	10	1.0	10	7006.140350877193	0.0	114.92063492063491	203.4920634920635	515.7894736842105	120.28378768711471	128.4298172817442		1575.7368160505523	70.0	[0, 1, 2, 3, 4, 5, 6, 7, 8, 9]	[]
SegSyllsOutput_SynSongs_amp100_30p_37_WhiteNoise_001.gzip	281.09347442680775	439.3015873015873	2462.8947368421054	4074.736842105264	6494.649122807018	6922.857142857142	453.6507936507936	561.5873015873016	6017.543859649123	9327.19298245614		2407.017543859649	0.0014444903012794058	10	1.0	10	6963.157894736842	0.0	116.82539682539682	205.07936507936506	429.82456140350877	118.93276058223206	127.49735790070682		1574.205357563038	70.0	[0, 1, 2, 3, 4, 5, 6, 7, 8, 9]	[]
SegSyllsOutput_SynSongs_amp100_30p_37_WhiteNoise_01.gzip	280.8818342151675	439.7460317460317	2475.789473684211	4061.842105263158	6494.649122807018	6925.396825396825	453.6507936507936	562.5396825396825	6017.543859649123	9327.19298245614		2407.017543859649	0.001443960577584231	10	1.0	10	6963.157894736842	0.0	115.87301587301587	205.07936507936506	472.8070175438596	119.19501750906616	128.19439131736823		1566.5125036296092	70.0	[0, 1, 2, 3, 4, 5, 6, 7, 8, 9]	[]
SegSyllsOutput_SynSongs_amp100_30p_38_S4A06622_20180409_161600_clip.gzip	299.43562610229276	426.06349206349205	1732.1929824561405	5084.8245614035095	6774.0350877193	6955.555555555555	451.74603174603175	672.3809523809523	5157.894736842105	9284.21052631579		2106.1403508771928	0.0014376996805111823	10	1.0	10	7221.0526315789475	0.0	153.65079365079364	236.19047619047618	472.8070175438596	109.69365456945845	174.87049922156214		1453.2407336727847	70.0	[0, 1, 2, 3, 4, 5, 6, 7, 8, 9]	[]
SegSyllsOutput_SynSongs_amp100_30p_38_S4A06622_20180722_170100_clip.gzip	350.8994708994709	377.9365079365079	1521.578947368421	5187.98245614035	6666.578947368422	6937.460317460317	559.3650793650793	631.1111111111111	4470.175438596491	9241.228070175439		2278.0701754385964	0.0014414496865418937	10	1.0	10	7006.140350877193	0.0	174.28571428571428	216.8253968253968	386.8421052631579	133.3723487890828	150.04233140074874		1274.7758842008197	70.0	[0, 1, 2, 3, 4, 5, 6, 7, 8, 9]	[]
SegSyllsOutput_SynSongs_amp100_30p_38_WhiteNoise_001.gzip	298.9065255731922	426.4761904761905	1723.5964912280701	5093.421052631579	6774.0350877193	6954.920634920634	450.7936507936508	676.1904761904761	5114.912280701755	9284.21052631579		2106.1403508771928	0.0014378309293408803	10	1.0	10	7221.0526315789475	0.0	153.65079365079364	236.8253968253968	472.8070175438596	109.25410905524356	175.4954402082505		1449.3368651165574	70.0	[0, 1, 2, 3, 4, 5, 6, 7, 8, 9]	[]
SegSyllsOutput_SynSongs_amp100_30p_38_WhiteNoise_01.gzip	299.5767195767196	425.8730158730159	1740.7894736842106	5089.122807017543	6786.929824561403	6954.920634920634	445.07936507936506	670.1587301587301	5071.929824561404	9327.19298245614		2106.1403508771928	0.0014378309293408803	10	1.0	10	7264.035087719298	0.0	154.28571428571428	237.77777777777777	515.7894736842105	107.99414894147436	174.71199110361871		1429.3417098098244	70.0	[0, 1, 2, 3, 4, 5, 6, 7, 8, 9]	[]
SegSyllsOutput_SynSongs_amp100_30p_39_S4A06622_20180409_161600_clip.gzip	348.11287477954136	469.0476190476191	1267.982456140351	4242.368421052631	5467.368421052631	7823.492063492063	512.6984126984127	716.5079365079365	3739.4736842105262	9714.035087719298		2020.1754385964912	0.0012782015906508686	10	1.0	10	7736.8421052631575	0.0	69.2063492063492	140.3174603174603	472.8070175438596	136.80183488717773	208.87137208575407		1177.5153492251466	70.0	[0, 1, 2, 3, 4, 5, 6, 7, 8, 9]	[]
SegSyllsOutput_SynSongs_amp100_30p_39_S4A06622_20180722_170100_clip.gzip	345.71428571428567	470.920634920635	1310.9649122807016	4220.877192982455	5488.859649122806	7820.6349206349205	499.36507936507934	711.4285714285714	3782.456140350877	9714.035087719298		1977.1929824561403	0.0012786685609904608	10	1.0	10	7779.824561403509	0.0	72.38095238095238	140.3174603174603	515.7894736842105	131.85738266232892	208.80295000233406		1167.5362256506767	70.0	[0, 1, 2, 3, 4, 5, 6, 7, 8, 9]	[]
SegSyllsOutput_SynSongs_amp100_30p_39_WhiteNoise_001.gzip	347.72486772486775	469.46031746031747	1267.982456140351	4242.368421052631	5467.368421052631	7824.126984126984	512.063492063492	717.4603174603175	3739.4736842105262	9714.035087719298		2020.1754385964912	0.0012780978657794368	10	1.0	10	7736.8421052631575	0.0	68.88888888888889	140.3174603174603	472.8070175438596	136.50812107776372	209.02735261774052		1177.5153492251466	70.0	[0, 1, 2, 3, 4, 5, 6, 7, 8, 9]	[]
SegSyllsOutput_SynSongs_amp100_30p_39_WhiteNoise_01.gzip	346.20811287477954	470.8888888888888	1272.280701754386	4242.368421052631	5471.666666666667	7824.761904761905	500.6349206349206	719.3650793650793	3739.4736842105262	9714.035087719298		2020.1754385964912	0.0012779941577409932	10	1.0	10	7736.8421052631575	0.0	66.03174603174602	140.0	472.8070175438596	135.3964635651868	210.77357217222337		1174.3644680565135	70.0	[0, 1, 2, 3, 4, 5, 6, 7, 8, 9]	[]
SegSyllsOutput_SynSongs_amp100_30p_3_S4A06622_20180409_161600_clip.gzip	373.89770723104056	482.5079365079365	2475.789473684211	4392.807017543859	6825.6140350877195	8190.15873015873	521.5873015873016	752.063492063492	5974.561403508772	9928.947368421053		2364.035087719298	0.0012209775572696617	10	1.0	10	7607.894736842105	0.0	159.04761904761904	196.5079365079365	472.8070175438596	138.84223958331773	189.61205807194207		2035.4309719260953	70.0	[0, 1, 2, 3, 4, 5, 6, 7, 8, 9]	[]
SegSyllsOutput_SynSongs_amp100_30p_3_S4A06622_20180722_170100_clip.gzip	499.89417989417984	355.5238095238095	1831.0526315789473	4680.789473684209	6468.859649122807	8054.285714285714	665.7142857142857	664.1269841269841	5071.929824561404	9542.105263157895		2578.9473684210525	0.0012415750266051792	10	1.0	10	7006.140350877193	0.0	251.42857142857142	153.015873015873	386.8421052631579	154.7058099397877	151.79977721853098		1718.4861629888037	70.0	[0, 1, 2, 3, 4, 5, 6, 7, 8, 9]	[]
SegSyllsOutput_SynSongs_amp100_30p_3_WhiteNoise_001.gzip	372.9100529100529	483.39682539682536	2475.789473684211	4392.807017543859	6825.6140350877195	8190.15873015873	520.6349206349206	753.015873015873	6017.543859649123	9928.947368421053		2364.035087719298	0.0012209775572696617	10	1.0	10	7607.894736842105	0.0	158.73015873015873	196.19047619047618	472.8070175438596	139.1660726154035	190.26820214138704		2044.0858243954958	70.0	[0, 1, 2, 3, 4, 5, 6, 7, 8, 9]	[]
SegSyllsOutput_SynSongs_amp100_30p_3_WhiteNoise_01.gzip	369.4532627865961	486.6349206349206	2553.1578947368416	4354.122807017544	6864.298245614034	8191.428571428571	519.047619047619	761.5873015873016	6060.526315789473	9928.947368421053		2321.0526315789475	0.001220788280432508	10	1.0	10	7650.877192982456	0.0	155.87301587301587	196.19047619047618	558.7719298245614	136.78181991018948	191.58901556726423		2011.999339621	70.0	[0, 1, 2, 3, 4, 5, 6, 7, 8, 9]	[]
SegSyllsOutput_SynSongs_amp100_30p_40_S4A06622_20180409_161600_clip.gzip	286.70194003527337	422.44444444444446	1831.0526315789473	4491.666666666667	6279.736842105264	6804.761904761905	449.8412698412698	659.6825396825396	6834.210526315789	9284.21052631579		2492.9824561403507	0.0014695591322603219	10	1.0	10	6834.210526315789	0.0	73.01587301587301	171.74603174603175	472.8070175438596	156.61603566195328	175.34912325066054		1832.5968376183173	70.0	[0, 1, 2, 3, 4, 5, 6, 7, 8, 9]	[]
SegSyllsOutput_SynSongs_amp100_30p_40_S4A06622_20180722_170100_clip.gzip	281.44620811287473	427.2063492063492	1904.1228070175443	4448.684210526316	6309.8245614035095	6805.079365079365	440.0	679.047619047619	6877.19298245614	9284.21052631579		2450.0	0.001469490576600112	10	1.0	10	6877.19298245614	0.0	74.92063492063491	172.69841269841268	558.7719298245614	153.9419148728731	179.4657862154697		1820.8931885301315	70.0	[0, 1, 2, 3, 4, 5, 6, 7, 8, 9]	[]
SegSyllsOutput_SynSongs_amp100_30p_40_WhiteNoise_001.gzip	286.87830687830683	422.3492063492064	1826.7543859649122	4491.666666666667	6275.438596491228	6805.396825396825	449.20634920634916	658.4126984126984	6834.210526315789	9284.21052631579		2492.9824561403507	0.0014694220273359145	10	1.0	10	6834.210526315789	0.0	73.33333333333333	171.74603174603175	472.8070175438596	156.33075388653756	175.34415163487955		1833.1624219652672	70.0	[0, 1, 2, 3, 4, 5, 6, 7, 8, 9]	[]
SegSyllsOutput_SynSongs_amp100_30p_40_WhiteNoise_01.gzip	286.4550264550264	423.4603174603174	1843.9473684210527	4483.070175438597	6284.035087719298	6812.6984126984125	451.1111111111111	664.1269841269841	6791.228070175439	9284.21052631579		2535.964912280702	0.00146784715750233	10	1.0	10	6791.228070175439	0.0	73.65079365079364	171.74603174603175	472.8070175438596	157.66331960287573	176.7312640687451		1812.5769648713679	70.0	[0, 1, 2, 3, 4, 5, 6, 7, 8, 9]	[]
SegSyllsOutput_SynSongs_amp100_30p_41_S4A06622_20180409_161600_clip.gzip	349.0652557319224	425.7142857142858	760.7894736842106	5604.912280701753	6322.719298245615	7398.730158730158	583.1746031746031	596.8253968253968	3223.684210526316	9585.087719298246		2106.1403508771928	0.0013515832832746934	10	1.0	10	7521.929824561404	0.0	202.85714285714283	247.3015873015873	386.8421052631579	157.37477764152712	99.36051513428289		878.5564500915128	70.0	[0, 1, 2, 3, 4, 5, 6, 7, 8, 9]	[]
SegSyllsOutput_SynSongs_amp100_30p_41_WhiteNoise_001.gzip	292.6278659611993	485.047619047619	885.4385964912278	5531.8421052631575	6374.298245614035	7484.126984126984	528.5714285714286	684.1269841269841	3653.5087719298244	9628.070175438595		2063.157894736842	0.0013361611876988335	10	1.0	10	7607.894736842105	0.0	132.38095238095238	258.4126984126984	472.8070175438596	157.44797840940933	120.82195192313148		985.414405844839	70.0	[0, 1, 2, 3, 4, 5, 6, 7, 8, 9]	[]
SegSyllsOutput_SynSongs_amp100_30p_41_WhiteNoise_01.gzip	371.1111111111111	402.4761904761905	795.1754385964913	5596.315789473683	6348.508771929824	7364.761904761905	608.8888888888888	534.6031746031746	3008.7719298245615	9628.070175438595		2063.157894736842	0.0013578171472908315	10	1.0	10	7607.894736842105	0.0	206.03174603174602	237.46031746031744	429.82456140350877	165.90118998214132	84.05271754349545		787.6860039330637	70.0	[0, 1, 2, 3, 4, 5, 6, 7, 8, 9]	[]
SegSyllsOutput_SynSongs_amp100_30p_42_S4A06622_20180409_161600_clip.gzip	303.0687830687831	514.2539682539682	1594.6491228070176	6043.333333333334	7594.999999999999	7870.15873015873	653.968253968254	695.5555555555555	4083.3333333333335	9800.0		2750.877192982456	0.0012706224032915173	10	1.0	10	7092.105263157895	0.0	51.42857142857142	188.57142857142856	472.8070175438596	245.71792581693194	160.264503101406		1228.401198076978	70.0	[0, 1, 2, 3, 4, 5, 6, 7, 8, 9]	[]
SegSyllsOutput_SynSongs_amp100_30p_42_S4A06622_20180722_170100_clip.gzip	365.64373897707236	448.06349206349205	1422.719298245614	6120.701754385964	7500.438596491228	7771.428571428571	759.6825396825396	590.1587301587301	3352.6315789473683	9757.017543859649		2836.842105263158	0.0012867647058823531	10	1.0	10	6963.157894736842	0.0	69.2063492063492	179.04761904761904	429.82456140350877	275.7884219112758	125.1292391993874		1096.4879882993073	70.0	[0, 1, 2, 3, 4, 5, 6, 7, 8, 9]	[]
SegSyllsOutput_SynSongs_amp100_30p_42_WhiteNoise_001.gzip	303.24514991181655	514.1904761904761	1590.3508771929824	6047.631578947367	7594.999999999999	7871.11111111111	651.1111111111111	698.0952380952381	4083.3333333333335	9800.0		2750.877192982456	0.0012704686617730097	10	1.0	10	7092.105263157895	0.0	51.42857142857142	188.57142857142856	472.8070175438596	244.96768251524594	160.3807687526615		1223.4699414856732	70.0	[0, 1, 2, 3, 4, 5, 6, 7, 8, 9]	[]
SegSyllsOutput_SynSongs_amp100_30p_42_WhiteNoise_01.gzip	298.0246913580247	520.0317460317459	1603.2456140350876	6034.736842105262	7594.999999999999	7882.539682539682	634.6031746031746	714.6031746031746	4083.3333333333335	9800.0		2750.877192982456	0.0012686266612968184	10	1.0	10	7092.105263157895	0.0	50.79365079365079	189.2063492063492	472.8070175438596	239.59273928903738	164.54508915116128		1225.9924675634072	70.0	[0, 1, 2, 3, 4, 5, 6, 7, 8, 9]	[]
SegSyllsOutput_SynSongs_amp100_30p_43_S4A06622_20180409_161600_clip.gzip	345.8906525573192	408.4761904761905	2295.263157894737	5957.368421052633	8209.649122807017	7197.777777777777	608.2539682539682	725.7142857142857	5974.561403508772	9671.052631578947		2492.9824561403507	0.001389317690645261	10	1.0	10	7221.0526315789475	0.0	138.09523809523807	180.3174603174603	515.7894736842105	145.93553689895126	186.64987206839518		1761.5467020847705	70.0	[0, 1, 2, 3, 4, 5, 6, 7, 8, 9]	[]
SegSyllsOutput_SynSongs_amp100_30p_43_S4A06622_20180722_170100_clip.gzip	399.6119929453263	359.26984126984127	1977.19298245614	6137.894736842106	8072.105263157895	7189.206349206349	697.4603174603175	608.8888888888888	4685.087719298245	9499.122807017544		2621.9298245614036	0.0013909741234655127	10	1.0	10	6920.175438596491	0.0	168.25396825396825	172.38095238095238	472.8070175438596	157.55611667332556	147.5053363408971		1460.138771616997	70.0	[0, 1, 2, 3, 4, 5, 6, 7, 8, 9]	[]
SegSyllsOutput_SynSongs_amp100_30p_43_WhiteNoise_001.gzip	345.7142857142857	408.66666666666663	2286.666666666667	5957.368421052633	8201.052631578948	7198.095238095238	609.2063492063492	725.0793650793651	5931.578947368421	9671.052631578947		2492.9824561403507	0.0013892564170415456	10	1.0	10	7221.0526315789475	0.0	137.77777777777777	180.63492063492063	515.7894736842105	145.81358790848427	186.65689124843607		1752.6210323066484	70.0	[0, 1, 2, 3, 4, 5, 6, 7, 8, 9]	[]
SegSyllsOutput_SynSongs_amp100_30p_43_WhiteNoise_01.gzip	343.17460317460313	410.9523809523809	2316.7543859649127	5940.1754385964905	8213.947368421053	7198.095238095238	600.3174603174602	727.6190476190476	6017.543859649123	9671.052631578947		2492.9824561403507	0.0013892564170415456	10	1.0	10	7221.0526315789475	0.0	134.6031746031746	181.26984126984127	558.7719298245614	144.44217685294916	188.51252650458528		1770.8737154340467	70.0	[0, 1, 2, 3, 4, 5, 6, 7, 8, 9]	[]
SegSyllsOutput_SynSongs_amp100_30p_44_S4A06622_20180409_161600_clip.gzip	317.17813051146385	435.8730158730158	2591.8421052631575	4775.350877192984	7324.210526315788	7213.333333333333	679.6825396825396	823.1746031746031	5329.824561403509	9542.105263157895		2278.0701754385964	0.0013863216266173752	10	1.0	10	7307.017543859649	0.0	147.93650793650792	101.58730158730158	515.7894736842105	184.02155194667495	231.46691412968872		1817.3950699068564	70.0	[0, 1, 2, 3, 4, 5, 6, 7, 8, 9]	[]
SegSyllsOutput_SynSongs_amp100_30p_44_S4A06622_20180722_170100_clip.gzip	314.53262786596116	437.968253968254	2613.333333333333	4762.456140350878	7332.807017543861	7210.47619047619	671.1111111111111	833.015873015873	5329.824561403509	9585.087719298246		2278.0701754385964	0.0013868709549597147	10	1.0	10	7350.0	0.0	146.984126984127	101.26984126984127	515.7894736842105	182.45952538045367	235.04983338912382		1800.6862057370665	70.0	[0, 1, 2, 3, 4, 5, 6, 7, 8, 9]	[]
SegSyllsOutput_SynSongs_amp100_30p_44_WhiteNoise_001.gzip	316.8253968253968	436.2539682539682	2591.8421052631575	4775.350877192984	7324.210526315788	7213.9682539682535	676.1904761904761	823.8095238095237	5329.824561403509	9542.105263157895		2278.0701754385964	0.0013861996127442352	10	1.0	10	7307.017543859649	0.0	147.93650793650792	101.9047619047619	515.7894736842105	183.07409693483652	231.7913898256389		1817.3950699068564	70.0	[0, 1, 2, 3, 4, 5, 6, 7, 8, 9]	[]
SegSyllsOutput_SynSongs_amp100_30p_44_WhiteNoise_01.gzip	316.96649029982365	435.8730158730158	2600.438596491228	4779.649122807017	7337.105263157894	7211.428571428571	680.952380952381	827.3015873015872	5329.824561403509	9542.105263157895		2278.0701754385964	0.0013866877971473852	10	1.0	10	7307.017543859649	0.0	149.2063492063492	101.9047619047619	515.7894736842105	183.82659617997862	232.05415480748553		1813.007269027323	70.0	[0, 1, 2, 3, 4, 5, 6, 7, 8, 9]	[]
SegSyllsOutput_SynSongs_amp100_30p_45_S4A06622_20180409_161600_clip.gzip	355.2733686067019	486.82539682539675	1543.0701754385962	5918.684210526315	7418.771929824562	8065.714285714285	551.4285714285714	717.4603174603175	3524.561403508772	9928.947368421053		2621.9298245614036	0.0012398157987956076	10	1.0	10	7350.0	0.0	175.23809523809524	228.88888888888889	472.8070175438596	147.12688432717775	163.67817013225974		1155.5541091036714	70.0	[0, 1, 2, 3, 4, 5, 6, 7, 8, 9]	[]
SegSyllsOutput_SynSongs_amp100_30p_45_S4A06622_20180722_170100_clip.gzip	351.710758377425	489.71428571428567	1581.754385964912	5901.491228070176	7440.263157894738	8062.539682539682	553.6507936507936	731.7460317460317	3524.561403508772	9928.947368421053		2578.9473684210525	0.0012403039729101863	10	1.0	10	7392.982456140351	0.0	177.46031746031744	226.66666666666666	472.8070175438596	144.58892516382903	167.9668909613608		1153.1267239152914	70.0	[0, 1, 2, 3, 4, 5, 6, 7, 8, 9]	[]
SegSyllsOutput_SynSongs_amp100_30p_45_WhiteNoise_001.gzip	355.09700176366846	486.9841269841269	1543.0701754385962	5918.684210526315	7418.771929824562	8065.714285714285	551.7460317460317	717.7777777777777	3524.561403508772	9928.947368421053		2621.9298245614036	0.0012398157987956076	10	1.0	10	7350.0	0.0	174.9206349206349	228.88888888888889	472.8070175438596	147.07855576155825	163.7628277919379		1155.5541091036714	70.0	[0, 1, 2, 3, 4, 5, 6, 7, 8, 9]	[]
SegSyllsOutput_SynSongs_amp100_30p_45_WhiteNoise_01.gzip	354.3915343915344	487.3968253968254	1560.2631578947367	5914.385964912281	7431.666666666665	8063.492063492063	550.1587301587301	720.0	3524.561403508772	9928.947368421053		2621.9298245614036	0.0012401574803149607	10	1.0	10	7350.0	0.0	176.19047619047618	227.93650793650792	472.8070175438596	147.4651014994459	164.3287131998404		1161.507598999728	70.0	[0, 1, 2, 3, 4, 5, 6, 7, 8, 9]	[]
SegSyllsOutput_SynSongs_amp100_30p_46_S4A06622_20180409_161600_clip.gzip	307.47795414462075	501.01587301587296	1491.4912280701756	5424.3859649122805	6872.894736842104	7777.460317460317	522.8571428571428	758.4126984126983	5544.736842105263	10057.894736842105		3008.7719298245615	0.0012857667659904486	10	1.0	10	7092.105263157895	0.0	106.66666666666666	193.96825396825395	386.8421052631579	151.41635096867165	200.7892827040896		1644.8614663636338	70.0	[0, 1, 2, 3, 4, 5, 6, 7, 8, 9]	[]
SegSyllsOutput_SynSongs_amp100_30p_46_S4A06622_20180722_170100_clip.gzip	401.5520282186949	413.047619047619	1199.2105263157896	5549.0350877193	6705.263157894737	7744.444444444444	647.936507936508	706.3492063492063	4470.175438596491	10014.912280701754		3051.754385964912	0.001291248206599713	10	1.0	10	7006.140350877193	0.0	161.9047619047619	176.8253968253968	300.8771929824561	182.82472185884083	167.1284071663384		1295.2633182916559	70.0	[0, 1, 2, 3, 4, 5, 6, 7, 8, 9]	[]
SegSyllsOutput_SynSongs_amp100_30p_46_WhiteNoise_001.gzip	307.0546737213404	501.36507936507934	1495.7894736842104	5424.3859649122805	6877.19298245614	7777.142857142857	522.2222222222222	758.7301587301587	5587.719298245614	10057.894736842105		3008.7719298245615	0.0012858192505510655	10	1.0	10	7092.105263157895	0.0	106.03174603174602	194.28571428571428	386.8421052631579	150.99825532454048	200.97587008278668		1656.6439581876314	70.0	[0, 1, 2, 3, 4, 5, 6, 7, 8, 9]	[]
SegSyllsOutput_SynSongs_amp100_30p_46_WhiteNoise_01.gzip	302.7513227513228	505.36507936507934	1525.8771929824559	5407.192982456141	6890.087719298246	7778.412698412698	520.952380952381	764.7619047619047	5587.719298245614	10100.877192982456		3008.7719298245615	0.0012856093380132236	10	1.0	10	7135.087719298245	0.0	104.12698412698413	194.28571428571428	472.8070175438596	150.7708420511048	202.48336171593678		1637.0053368150175	70.0	[0, 1, 2, 3, 4, 5, 6, 7, 8, 9]	[]
SegSyllsOutput_SynSongs_amp100_30p_47_S4A06622_20180409_161600_clip.gzip	341.58730158730157	421.5555555555555	1525.8771929824559	5127.80701754386	6610.701754385966	7289.841269841269	620.0	700.952380952381	3954.3859649122805	9714.035087719298		2020.1754385964912	0.001371771981012934	10	1.0	10	7736.8421052631575	0.0	76.19047619047619	112.6984126984127	472.8070175438596	192.7110950038065	219.42688583273804		1267.5169297745656	70.0	[0, 1, 2, 3, 4, 5, 6, 7, 8, 9]	[]
SegSyllsOutput_SynSongs_amp100_30p_47_S4A06622_20180722_170100_clip.gzip	382.04585537918865	376.5714285714286	1388.3333333333333	5192.280701754386	6537.631578947369	7204.126984126984	710.4761904761905	640.0	3696.4912280701756	9671.052631578947		2063.157894736842	0.0013880932446128761	10	1.0	10	7650.877192982456	0.0	95.23809523809523	105.07936507936508	429.82456140350877	206.15302708117565	189.0108123986713		1171.3628422968134	70.0	[0, 1, 2, 3, 4, 5, 6, 7, 8, 9]	[]
SegSyllsOutput_SynSongs_amp100_30p_47_WhiteNoise_001.gzip	341.3403880070547	421.8730158730158	1521.5789473684213	5132.105263157894	6610.701754385966	7290.79365079365	620.3174603174602	701.9047619047618	3954.3859649122805	9714.035087719298		2020.1754385964912	0.0013715927893407647	10	1.0	10	7736.8421052631575	0.0	75.87301587301587	112.6984126984127	472.8070175438596	193.0620622585957	219.59436150202615		1271.2282934618836	70.0	[0, 1, 2, 3, 4, 5, 6, 7, 8, 9]	[]
SegSyllsOutput_SynSongs_amp100_30p_47_WhiteNoise_01.gzip	341.44620811287473	422.2222222222223	1560.2631578947369	5123.508771929824	6640.789473684211	7295.2380952380945	616.1904761904761	704.4444444444445	3954.3859649122805	9757.017543859649		2020.1754385964912	0.001370757180156658	10	1.0	10	7779.824561403509	0.0	76.5079365079365	112.6984126984127	515.7894736842105	191.56541156039	220.61677567401517		1252.1681241408965	70.0	[0, 1, 2, 3, 4, 5, 6, 7, 8, 9]	[]
SegSyllsOutput_SynSongs_amp100_30p_48_S4A06622_20180409_161600_clip.gzip	354.0035273368606	457.8730158730159	1272.280701754386	5523.245614035088	6752.543859649124	7764.761904761905	557.7777777777777	700.6349206349206	3567.5438596491226	9971.929824561403		2450.0	0.001287869495891083	10	1.0	10	7564.912280701754	0.0	231.42857142857142	253.33333333333331	343.859649122807	103.8504657437018	149.2693063919834		1171.9147376787994	70.0	[0, 1, 2, 3, 4, 5, 6, 7, 8, 9]	[]
SegSyllsOutput_SynSongs_amp100_30p_48_WhiteNoise_001.gzip	321.62257495590825	493.26984126984127	1401.228070175439	5467.368421052631	6825.6140350877195	7827.301587301587	527.936507936508	727.3015873015872	3997.3684210526317	10014.912280701754		2450.0	0.001277579493835172	10	1.0	10	7607.894736842105	0.0	179.04761904761904	273.015873015873	429.82456140350877	106.17913959991859	159.34995747447797		1301.8631570283874	70.0	[0, 1, 2, 3, 4, 5, 6, 7, 8, 9]	[]
SegSyllsOutput_SynSongs_amp100_30p_48_WhiteNoise_01.gzip	406.984126984127	407.36507936507934	1194.9122807017543	5553.333333333333	6705.263157894737	7736.507936507936	626.984126984127	645.0793650793651	3180.7017543859647	10014.912280701754		2364.035087719298	0.0012925728354534264	10	1.0	10	7693.859649122807	0.0	269.2063492063492	221.58730158730157	386.8421052631579	111.62240636368107	131.39975316459024		1015.0899529592184	70.0	[0, 1, 2, 3, 4, 5, 6, 7, 8, 9]	[]
SegSyllsOutput_SynSongs_amp100_30p_49_S4A06622_20180409_161600_clip.gzip	427.1957671957672	420.9206349206349	2389.8245614035086	6125.0	8471.842105263158	8053.9682539682535	540.952380952381	674.6031746031746	5888.59649122807	9327.19298245614		2922.8070175438597	0.0012416239653133623	10	1.0	10	6447.368421052632	0.0	197.14285714285714	103.80952380952381	515.7894736842105	133.8710811352605	225.333247361314		1897.9673474487925	70.0	[0, 1, 2, 3, 4, 5, 6, 7, 8, 9]	[]
SegSyllsOutput_SynSongs_amp100_30p_49_WhiteNoise_001.gzip	414.4973544973544	434.6031746031746	2501.578947368421	6064.8245614035095	8523.42105263158	8076.507936507936	521.2698412698412	713.968253968254	6017.543859649123	9370.17543859649		2578.9473684210525	0.0012381588774026178	10	1.0	10	6834.210526315789	0.0	186.34920634920633	106.66666666666666	515.7894736842105	131.27070497403042	236.62951552333456		1975.822052050393	70.0	[0, 1, 2, 3, 4, 5, 6, 7, 8, 9]	[]
SegSyllsOutput_SynSongs_amp100_30p_49_WhiteNoise_01.gzip	455.9082892416226	389.36507936507934	2256.578947368421	6159.385964912281	8372.982456140351	7996.825396825397	632.6984126984127	621.2698412698412	5501.754385964912	9327.19298245614		2793.859649122807	0.0012504962286621676	10	1.0	10	6576.315789473684	0.0	202.2222222222222	102.53968253968253	515.7894736842105	145.59635270153936	200.47742629705348		1788.2687745834328	70.0	[0, 1, 2, 3, 4, 5, 6, 7, 8, 9]	[]
SegSyllsOutput_SynSongs_amp100_30p_4_S4A06622_20180409_161600_clip.gzip	304.55026455026456	392.0	2364.0350877192986	5243.859649122807	7564.912280701754	6660.952380952381	503.17460317460313	567.6190476190476	5802.631578947368	10100.877192982456		2578.9473684210525	0.0015012868172719475	10	1.0	10	7564.912280701754	0.0	95.23809523809523	161.26984126984127	429.82456140350877	158.2955160311423	145.74896322467325		1557.549891148853	70.0	[0, 1, 2, 3, 4, 5, 6, 7, 8, 9]	[]
SegSyllsOutput_SynSongs_amp100_30p_4_S4A06622_20180722_170100_clip.gzip	315.09700176366846	380.88888888888886	2308.157894736842	5282.543859649122	7547.7192982456145	6644.761904761905	505.71428571428567	565.3968253968254	5759.649122807017	10100.877192982456		2578.9473684210525	0.0015049448186899815	10	1.0	10	7564.912280701754	0.0	106.66666666666666	161.26984126984127	558.7719298245614	156.095282572532	140.0282558359658		1524.9250935098344	70.0	[0, 1, 2, 3, 4, 5, 6, 7, 8, 9]	[]
SegSyllsOutput_SynSongs_amp100_30p_4_WhiteNoise_001.gzip	304.4091710758378	392.1269841269841	2364.0350877192986	5243.859649122807	7564.912280701754	6660.952380952381	503.49206349206344	567.3015873015872	5802.631578947368	10100.877192982456		2578.9473684210525	0.0015012868172719475	10	1.0	10	7564.912280701754	0.0	94.6031746031746	161.26984126984127	429.82456140350877	158.54635742860404	145.72760291571637		1557.549891148853	70.0	[0, 1, 2, 3, 4, 5, 6, 7, 8, 9]	[]
SegSyllsOutput_SynSongs_amp100_30p_4_WhiteNoise_01.gzip	303.5273368606702	393.0793650793651	2385.5263157894738	5239.561403508771	7582.105263157894	6662.539682539682	501.58730158730157	570.4761904761905	5845.6140350877195	10100.877192982456		2578.9473684210525	0.001500929146614571	10	1.0	10	7564.912280701754	0.0	98.09523809523809	161.26984126984127	472.8070175438596	157.67350235385535	146.52533713050727		1556.6600226491391	70.0	[0, 1, 2, 3, 4, 5, 6, 7, 8, 9]	[]
SegSyllsOutput_SynSongs_amp100_30p_50_S4A06622_20180409_161600_clip.gzip	255.02645502645498	354.6031746031746	1078.8596491228068	5647.894736842104	6683.771929824561	5841.269841269841	583.8095238095237	622.8571428571428	3309.6491228070176	10100.877192982456		2192.1052631578946	0.0017119565217391306	10	1.0	10	7951.754385964912	0.0	70.79365079365078	121.9047619047619	472.8070175438596	185.38201180218007	173.20498378024695		914.3697450759754	70.0	[0, 1, 2, 3, 4, 5, 6, 7, 8, 9]	[]
SegSyllsOutput_SynSongs_amp100_30p_50_S4A06622_20180722_170100_clip.gzip	256.0141093474426	353.9047619047618	1104.6491228070174	5635.000000000001	6696.666666666667	5843.174603174602	584.4444444444445	619.3650793650793	3266.6666666666665	10100.877192982456		2149.122807017544	0.0017113984570248835	10	1.0	10	7994.736842105263	0.0	73.33333333333333	121.26984126984127	515.7894736842105	184.58018330610406	172.89255349785788		892.23545255771	70.0	[0, 1, 2, 3, 4, 5, 6, 7, 8, 9]	[]
SegSyllsOutput_SynSongs_amp100_30p_50_WhiteNoise_001.gzip	254.88536155202823	354.7301587301587	1078.8596491228068	5647.894736842104	6683.771929824561	5841.269841269841	583.1746031746031	622.8571428571428	3309.6491228070176	10100.877192982456		2192.1052631578946	0.0017119565217391306	10	1.0	10	7951.754385964912	0.0	70.79365079365078	121.9047619047619	472.8070175438596	185.2309164999829	173.28340075797243		914.3697450759754	70.0	[0, 1, 2, 3, 4, 5, 6, 7, 8, 9]	[]
SegSyllsOutput_SynSongs_amp100_30p_50_WhiteNoise_01.gzip	254.35626102292767	355.2063492063492	1087.4561403508771	5643.596491228071	6688.070175438597	5841.269841269841	582.2222222222222	622.5396825396825	3309.6491228070176	10100.877192982456		2192.1052631578946	0.0017119565217391306	10	1.0	10	7951.754385964912	0.0	70.15873015873015	121.9047619047619	472.8070175438596	184.8341495270495	173.47581858688181		912.4819887775159	70.0	[0, 1, 2, 3, 4, 5, 6, 7, 8, 9]	[]
SegSyllsOutput_SynSongs_amp100_30p_5_S4A06622_20180409_161600_clip.gzip	367.9717813051146	449.42857142857144	1603.2456140350878	5596.315789473683	7156.578947368421	7806.031746031746	561.5873015873016	689.8412698412698	4298.245614035088	10057.894736842105		2364.035087719298	0.0012810606368701453	10	1.0	10	7736.8421052631575	0.0	187.61904761904762	169.84126984126982	515.7894736842105	122.25390688506953	226.74792164746597		1333.46484487879	70.0	[0, 1, 2, 3, 4, 5, 6, 7, 8, 9]	[]
SegSyllsOutput_SynSongs_amp100_30p_5_S4A06622_20180722_170100_clip.gzip	381.3403880070547	437.047619047619	1555.9649122807018	5622.105263157895	7135.087719298245	7802.539682539682	579.3650793650793	684.4444444444445	4126.315789473684	10014.912280701754		2364.035087719298	0.0012816339816095696	10	1.0	10	7693.859649122807	0.0	223.17460317460316	165.3968253968254	515.7894736842105	118.55706100430193	220.57611793012717		1269.0626284222167	70.0	[0, 1, 2, 3, 4, 5, 6, 7, 8, 9]	[]
SegSyllsOutput_SynSongs_amp100_30p_5_WhiteNoise_001.gzip	367.7954144620811	449.5873015873015	1611.8421052631577	5592.01754385965	7160.877192982457	7806.031746031746	560.0	687.6190476190476	4298.245614035088	10057.894736842105		2364.035087719298	0.0012810606368701453	10	1.0	10	7736.8421052631575	0.0	186.66666666666666	169.84126984126982	515.7894736842105	122.01065084410932	226.74874884091648		1335.9563847883287	70.0	[0, 1, 2, 3, 4, 5, 6, 7, 8, 9]	[]
SegSyllsOutput_SynSongs_amp100_30p_5_WhiteNoise_01.gzip	366.17283950617286	451.2380952380951	1620.4385964912278	5583.421052631578	7160.877192982457	7807.936507936508	555.5555555555555	693.6507936507936	4298.245614035088	10057.894736842105		2364.035087719298	0.0012807481195364911	10	1.0	10	7736.8421052631575	0.0	181.58730158730157	169.84126984126982	515.7894736842105	122.21470922189262	228.58613513338696		1329.1474672277104	70.0	[0, 1, 2, 3, 4, 5, 6, 7, 8, 9]	[]
SegSyllsOutput_SynSongs_amp100_30p_6_S4A06622_20180409_161600_clip.gzip	298.0599647266314	439.2063492063491	1070.2631578947369	5965.964912280702	6993.245614035087	7074.603174603174	485.39682539682536	693.3333333333333	2235.0877192982457	9842.982456140351		2192.1052631578946	0.0014135068431680503	10	1.0	10	7693.859649122807	0.0	72.06349206349206	137.77777777777777	472.8070175438596	126.17764179960513	182.9620296137843		562.0502868497152	70.0	[0, 1, 2, 3, 4, 5, 6, 7, 8, 9]	[]
SegSyllsOutput_SynSongs_amp100_30p_6_S4A06622_20180722_170100_clip.gzip	322.75132275132273	415.079365079365	1022.9824561403508	5987.456140350878	6967.456140350878	7055.555555555555	502.85714285714283	635.8730158730158	2149.122807017544	9800.0		2192.1052631578946	0.0014173228346456694	10	1.0	10	7650.877192982456	0.0	73.96825396825396	134.28571428571428	429.82456140350877	130.55456650370766	169.67040474786847		551.1148777658988	70.0	[0, 1, 2, 3, 4, 5, 6, 7, 8, 9]	[]
SegSyllsOutput_SynSongs_amp100_30p_6_WhiteNoise_001.gzip	298.2010582010582	439.0476190476191	1065.9649122807018	5970.263157894736	6993.245614035087	7074.285714285714	485.71428571428567	693.968253968254	2235.0877192982457	9842.982456140351		2235.0877192982457	0.0014135702746365106	10	1.0	10	7650.877192982456	0.0	72.38095238095238	137.77777777777777	472.8070175438596	126.19037636014818	183.0246758499783		558.8821303837287	70.0	[0, 1, 2, 3, 4, 5, 6, 7, 8, 9]	[]
SegSyllsOutput_SynSongs_amp100_30p_6_WhiteNoise_01.gzip	298.23633156966486	439.36507936507934	1091.7543859649122	5965.964912280702	7014.736842105262	7077.777777777777	486.031746031746	697.7777777777777	2278.0701754385964	9885.964912280702		2192.1052631578946	0.00141287284144427	10	1.0	10	7736.8421052631575	0.0	71.42857142857143	138.73015873015873	472.8070175438596	126.99891889155934	182.9341034399932		561.2279208841259	70.0	[0, 1, 2, 3, 4, 5, 6, 7, 8, 9]	[]
SegSyllsOutput_SynSongs_amp100_30p_7_S4A06622_20180409_161600_clip.gzip	370.47619047619054	416.31746031746036	1353.9473684210527	6245.350877192983	7556.315789473684	7497.460317460317	457.1428571428571	673.3333333333333	4942.982456140351	9842.982456140351		2707.8947368421054	0.0013337849853918787	10	1.0	10	7178.070175438596	0.0	253.015873015873	202.53968253968253	472.8070175438596	79.48546425267223	160.75082085213725		1337.03153956036	70.0	[0, 1, 2, 3, 4, 5, 6, 7, 8, 9]	[]
SegSyllsOutput_SynSongs_amp100_30p_7_S4A06622_20180722_170100_clip.gzip	381.44620811287473	405.8730158730159	1328.157894736842	6253.9473684210525	7539.122807017543	7491.746031746031	465.07936507936506	643.4920634920635	4814.035087719298	9800.0		2836.842105263158	0.0013348023221322939	10	1.0	10	7006.140350877193	0.0	275.23809523809524	200.3174603174603	472.8070175438596	76.7684938011134	152.91530720911618		1302.6907101916988	70.0	[0, 1, 2, 3, 4, 5, 6, 7, 8, 9]	[]
SegSyllsOutput_SynSongs_amp100_30p_7_WhiteNoise_001.gzip	370.40564373897706	416.3492063492064	1353.9473684210527	6245.350877192983	7556.315789473684	7497.142857142857	456.8253968253968	673.968253968254	4942.982456140351	9842.982456140351		2707.8947368421054	0.0013338414634146342	10	1.0	10	7178.070175438596	0.0	252.69841269841268	202.2222222222222	472.8070175438596	79.45562735902865	161.00536924885992		1337.03153956036	70.0	[0, 1, 2, 3, 4, 5, 6, 7, 8, 9]	[]
SegSyllsOutput_SynSongs_amp100_30p_7_WhiteNoise_01.gzip	370.1587301587301	416.66666666666663	1358.2456140350876	6241.052631578947	7556.315789473684	7498.095238095238	457.77777777777777	676.1904761904761	4942.982456140351	9842.982456140351		2707.8947368421054	0.0013336720436936365	10	1.0	10	7178.070175438596	0.0	250.47619047619045	202.53968253968253	472.8070175438596	79.62560414511736	161.90346508454599		1333.9496754385884	70.0	[0, 1, 2, 3, 4, 5, 6, 7, 8, 9]	[]
SegSyllsOutput_SynSongs_amp100_30p_8_S4A06622_20180409_161600_clip.gzip	296.36684303350967	521.015873015873	1182.017543859649	5196.57894736842	6335.614035087719	7877.460317460317	474.6031746031746	684.4444444444445	2664.9122807017543	10014.912280701754		2063.157894736842	0.0012694446683323931	10	1.0	10	7994.736842105263	0.0	92.6984126984127	218.4126984126984	386.8421052631579	135.4801759775961	167.69944894431487		898.7000147021067	70.0	[0, 1, 2, 3, 4, 5, 6, 7, 8, 9]	[]
SegSyllsOutput_SynSongs_amp100_30p_8_S4A06622_20180722_170100_clip.gzip	338.37742504409175	479.46031746031747	1113.2456140350876	5239.561403508771	6309.8245614035095	7840.0	525.3968253968254	658.0952380952381	2364.035087719298	9971.929824561403		2020.1754385964912	0.0012755102040816326	10	1.0	10	7994.736842105263	0.0	104.12698412698413	207.3015873015873	386.8421052631579	143.4532048490639	153.493881865393		815.8996603362498	70.0	[0, 1, 2, 3, 4, 5, 6, 7, 8, 9]	[]
SegSyllsOutput_SynSongs_amp100_30p_8_WhiteNoise_001.gzip	296.5079365079365	520.6031746031746	1177.719298245614	5196.57894736842	6331.315789473685	7874.603174603174	474.9206349206349	684.7619047619047	2664.9122807017543	10014.912280701754		2063.157894736842	0.0012699052610360816	10	1.0	10	7994.736842105263	0.0	92.6984126984127	218.4126984126984	386.8421052631579	136.18030080017704	167.3804117391877		900.2861014501332	70.0	[0, 1, 2, 3, 4, 5, 6, 7, 8, 9]	[]
SegSyllsOutput_SynSongs_amp100_30p_8_WhiteNoise_01.gzip	294.9911816578483	521.7460317460318	1194.9122807017545	5192.280701754386	6344.21052631579	7872.380952380952	478.0952380952381	683.1746031746031	2621.9298245614036	10014.912280701754		2063.157894736842	0.0012702637309460441	10	1.0	10	7994.736842105263	0.0	93.01587301587301	217.77777777777777	429.82456140350877	135.52504933283967	167.02155883056093		877.3289173426165	70.0	[0, 1, 2, 3, 4, 5, 6, 7, 8, 9]	[]
SegSyllsOutput_SynSongs_amp100_30p_9_S4A06622_20180409_161600_clip.gzip	293.2627865961199	474.5714285714286	2050.2631578947367	5875.701754385965	7882.98245614035	7385.079365079365	489.20634920634916	694.9206349206349	4126.315789473684	9971.929824561403		3094.7368421052633	0.0013540815887890642	10	1.0	10	6920.175438596491	0.0	75.87301587301587	147.3015873015873	386.8421052631579	123.72328883030303	179.13618395731297		1192.0347291900625	70.0	[0, 1, 2, 3, 4, 5, 6, 7, 8, 9]	[]
SegSyllsOutput_SynSongs_amp100_30p_9_S4A06622_20180722_170100_clip.gzip	401.65784832451504	367.58730158730157	1620.4385964912278	6060.526315789473	7637.98245614035	7290.79365079365	560.952380952381	528.2539682539682	3481.578947368421	9928.947368421053		3137.719298245614	0.0013715927893407647	10	1.0	10	6834.210526315789	0.0	186.984126984127	126.34920634920634	300.8771929824561	124.4401701745896	132.7527841488853		1029.99573928264	70.0	[0, 1, 2, 3, 4, 5, 6, 7, 8, 9]	[]
SegSyllsOutput_SynSongs_amp100_30p_9_WhiteNoise_001.gzip	293.5097001763668	474.41269841269843	2050.2631578947367	5875.701754385965	7882.98245614035	7385.714285714285	489.8412698412698	696.8253968253968	4083.3333333333335	9971.929824561403		3094.7368421052633	0.001353965183752418	10	1.0	10	6920.175438596491	0.0	74.6031746031746	146.984126984127	386.8421052631579	124.34490584155651	178.90917383804864		1184.260055999802	70.0	[0, 1, 2, 3, 4, 5, 6, 7, 8, 9]	[]
SegSyllsOutput_SynSongs_amp100_30p_9_WhiteNoise_01.gzip	288.04232804232805	479.55555555555554	2093.245614035088	5854.210526315789	7904.473684210525	7387.936507936508	488.88888888888886	710.4761904761905	4126.315789473684	10014.912280701754		3051.754385964912	0.0013535579236851152	10	1.0	10	7006.140350877193	0.0	72.6984126984127	146.34920634920636	472.8070175438596	124.5616147453814	183.16309159050917		1161.6843186549208	70.0	[0, 1, 2, 3, 4, 5, 6, 7, 8, 9]	[]
