FileName	avg_note_duration(ms)	avg_notes_freq_modulation(Hz)	avg_notes_lower_freq(Hz)	avg_notes_upper_freq(Hz)	largest_note_duration(ms)	largest_notes_freq_modulation(Hz)	max_notes_freq(Hz)	min_notes_freq(Hz)	noise_threshold	num_notes	num_notes_per_syll	overall_notes_freq_range(Hz)	smallest_note_duration(ms)	smallest_notes_freq_modulation(Hz)	std_note_duration(ms)	std_notes_freq_modulation(Hz)
C:\Users\abiga\Box Sync\Abigail_Nicole\ChipperPaper\SyntheticSongs\ChipperedByNicole_Try3ForPaper\SegSyllsOutput_SynSongs_amp100_30p_10_S4A06622_20180409_161600_clip.gzip	422.31746031746036	3017.368421052631	4792.543859649123	7766.929824561403	693.6507936507936	6017.543859649123	9800.0	2664.9122807017543	120	10	1.0	7178.070175438596	192.69841269841268	472.8070175438596	166.8337148905348	2109.9672833971285
C:\Users\abiga\Box Sync\Abigail_Nicole\ChipperPaper\SyntheticSongs\ChipperedByNicole_Try3ForPaper\SegSyllsOutput_SynSongs_amp100_30p_10_S4A06622_20180722_170100_clip.gzip	419.8730158730158	3038.859649122807	4775.350877192984	7771.228070175439	685.0793650793651	5888.59649122807	9800.0	2621.9298245614036	120	10	1.0	7221.0526315789475	192.69841269841268	515.7894736842105	163.95507799909976	2060.474721292049
C:\Users\abiga\Box Sync\Abigail_Nicole\ChipperPaper\SyntheticSongs\ChipperedByNicole_Try3ForPaper\SegSyllsOutput_SynSongs_amp100_30p_10_WhiteNoise_001.gzip	422.2222222222222	3013.0701754385964	4796.842105263158	7766.929824561403	693.6507936507936	5974.561403508772	9800.0	2664.9122807017543	120	10	1.0	7178.070175438596	192.69841269841268	472.8070175438596	166.80397468165353	2103.20946167288
C:\Users\abiga\Box Sync\Abigail_Nicole\ChipperPaper\SyntheticSongs\ChipperedByNicole_Try3ForPaper\SegSyllsOutput_SynSongs_amp100_30p_10_WhiteNoise_01.gzip	421.1746031746032	3017.368421052631	4792.543859649123	7766.929824561403	688.8888888888888	5974.561403508772	9800.0	2664.9122807017543	120	10	1.0	7178.070175438596	193.015873015873	472.8070175438596	165.6327754019052	2096.0087694314316
C:\Users\abiga\Box Sync\Abigail_Nicole\ChipperPaper\SyntheticSongs\ChipperedByNicole_Try3ForPaper\SegSyllsOutput_SynSongs_amp100_30p_11_S4A06622_20180409_161600_clip.gzip	419.14285714285717	2200.7017543859647	5016.052631578947	7173.77192982456	681.9047619047618	5286.8421052631575	9842.982456140351	2020.1754385964912	120	10	1.0	7865.789473684211	159.36507936507937	429.82456140350877	174.7649755363621	2008.0777080405426
C:\Users\abiga\Box Sync\Abigail_Nicole\ChipperPaper\SyntheticSongs\ChipperedByNicole_Try3ForPaper\SegSyllsOutput_SynSongs_amp100_30p_11_S4A06622_20180722_170100_clip.gzip	416.9523809523809	2230.7894736842104	5003.157894736841	7190.964912280702	683.4920634920635	5286.8421052631575	9885.964912280702	2020.1754385964912	120	10	1.0	7908.771929824561	157.77777777777777	515.7894736842105	174.91331762415268	1991.4122356891296
C:\Users\abiga\Box Sync\Abigail_Nicole\ChipperPaper\SyntheticSongs\ChipperedByNicole_Try3ForPaper\SegSyllsOutput_SynSongs_amp100_30p_11_WhiteNoise_001.gzip	419.0476190476191	2196.40350877193	5016.052631578947	7169.473684210527	681.9047619047618	5286.8421052631575	9842.982456140351	2020.1754385964912	120	10	1.0	7865.789473684211	159.36507936507937	429.82456140350877	174.57873806873587	2000.7706207469555
C:\Users\abiga\Box Sync\Abigail_Nicole\ChipperPaper\SyntheticSongs\ChipperedByNicole_Try3ForPaper\SegSyllsOutput_SynSongs_amp100_30p_11_WhiteNoise_01.gzip	418.44444444444446	2209.2982456140353	5011.754385964913	7178.070175438596	681.9047619047618	5286.8421052631575	9885.964912280702	2020.1754385964912	120	10	1.0	7908.771929824561	159.04761904761904	472.8070175438596	174.35194046342315	1989.736463765883
C:\Users\abiga\Box Sync\Abigail_Nicole\ChipperPaper\SyntheticSongs\ChipperedByNicole_Try3ForPaper\SegSyllsOutput_SynSongs_amp100_30p_12_S4A06622_20180409_161600_clip.gzip	449.4285714285714	1942.8070175438595	4109.122807017545	6008.947368421053	630.4761904761905	4126.315789473684	8209.649122807017	2063.157894736842	120	10	1.0	6189.473684210527	253.65079365079364	472.8070175438596	128.36254069989138	1086.7754189296736
C:\Users\abiga\Box Sync\Abigail_Nicole\ChipperPaper\SyntheticSongs\ChipperedByNicole_Try3ForPaper\SegSyllsOutput_SynSongs_amp100_30p_12_WhiteNoise_001.gzip	464.5079365079365	1998.6842105263156	4091.929824561403	6047.631578947367	644.7619047619047	4212.2807017543855	8252.631578947368	2063.157894736842	120	10	1.0	6232.456140350877	258.4126984126984	472.8070175438596	136.0927034410779	1124.912913804226
C:\Users\abiga\Box Sync\Abigail_Nicole\ChipperPaper\SyntheticSongs\ChipperedByNicole_Try3ForPaper\SegSyllsOutput_SynSongs_amp100_30p_12_WhiteNoise_01.gzip	282.68620268620265	1302.699055330634	4493.31983805668	5753.036437246965	578.0952380952381	3438.59649122807	8080.701754385965	2106.1403508771928	120	13	1.3	6017.543859649123	16.825396825396826	214.91228070175438	164.60149674820082	989.5902904479789
C:\Users\abiga\Box Sync\Abigail_Nicole\ChipperPaper\SyntheticSongs\ChipperedByNicole_Try3ForPaper\SegSyllsOutput_SynSongs_amp100_30p_13_S4A06622_20180409_161600_clip.gzip	489.26984126984127	2149.122807017544	4367.01754385965	6473.157894736843	781.2698412698412	4556.140350877193	9413.157894736842	1977.1929824561403	120	10	1.0	7478.9473684210525	317.46031746031747	472.8070175438596	131.18781038869508	1396.6175239451043
C:\Users\abiga\Box Sync\Abigail_Nicole\ChipperPaper\SyntheticSongs\ChipperedByNicole_Try3ForPaper\SegSyllsOutput_SynSongs_amp100_30p_13_WhiteNoise_001.gzip	489.7142857142858	2140.5263157894738	4375.6140350877195	6473.157894736843	783.4920634920635	4556.140350877193	9413.157894736842	1977.1929824561403	120	10	1.0	7478.9473684210525	318.4126984126984	472.8070175438596	132.34877949760744	1394.2343915789295
C:\Users\abiga\Box Sync\Abigail_Nicole\ChipperPaper\SyntheticSongs\ChipperedByNicole_Try3ForPaper\SegSyllsOutput_SynSongs_amp100_30p_13_WhiteNoise_01.gzip	310.11337868480723	1519.7368421052631	4764.912280701753	6241.666666666667	696.8253968253968	4255.263157894737	9284.21052631579	1977.1929824561403	120	14	1.4	7350.0	15.238095238095237	214.91228070175438	212.48128648132683	1355.623868335526
C:\Users\abiga\Box Sync\Abigail_Nicole\ChipperPaper\SyntheticSongs\ChipperedByNicole_Try3ForPaper\SegSyllsOutput_SynSongs_amp100_30p_14_S4A06622_20180409_161600_clip.gzip	500.3809523809524	2119.0350877192977	4706.578947368421	6782.631578947369	728.2539682539682	6877.19298245614	10143.859649122807	2364.035087719298	120	10	1.0	7822.80701754386	103.80952380952381	472.8070175438596	227.04471509176685	1966.2666354594107
C:\Users\abiga\Box Sync\Abigail_Nicole\ChipperPaper\SyntheticSongs\ChipperedByNicole_Try3ForPaper\SegSyllsOutput_SynSongs_amp100_30p_14_S4A06622_20180722_170100_clip.gzip	447.99422799422797	1969.3779904306218	4477.99043062201	6404.3859649122805	713.6507936507936	6834.210526315789	10143.859649122807	2321.0526315789475	120	11	1.1	7865.789473684211	11.428571428571427	214.91228070175438	256.548355222821	1923.7535869021065
C:\Users\abiga\Box Sync\Abigail_Nicole\ChipperPaper\SyntheticSongs\ChipperedByNicole_Try3ForPaper\SegSyllsOutput_SynSongs_amp100_30p_14_WhiteNoise_001.gzip	500.53968253968253	2119.0350877192977	4706.578947368421	6782.631578947369	730.1587301587301	6877.19298245614	10143.859649122807	2364.035087719298	120	10	1.0	7822.80701754386	103.80952380952381	472.8070175438596	227.36789008653096	1966.2666354594107
C:\Users\abiga\Box Sync\Abigail_Nicole\ChipperPaper\SyntheticSongs\ChipperedByNicole_Try3ForPaper\SegSyllsOutput_SynSongs_amp100_30p_14_WhiteNoise_01.gzip	499.58730158730157	2127.631578947368	4706.578947368421	6791.228070175439	731.4285714285713	6920.175438596491	10143.859649122807	2364.035087719298	120	10	1.0	7822.80701754386	103.80952380952381	472.8070175438596	226.80525012256916	1973.8938701723935
C:\Users\abiga\Box Sync\Abigail_Nicole\ChipperPaper\SyntheticSongs\ChipperedByNicole_Try3ForPaper\SegSyllsOutput_SynSongs_amp100_30p_15_S4A06622_20180409_161600_clip.gzip	455.9999999999999	1663.421052631579	5252.456140350877	6872.894736842104	708.2539682539682	3868.4210526315787	9628.070175438595	2407.017543859649	120	10	1.0	7264.035087719298	95.55555555555556	472.8070175438596	192.82155121169674	1034.7678537390066
C:\Users\abiga\Box Sync\Abigail_Nicole\ChipperPaper\SyntheticSongs\ChipperedByNicole_Try3ForPaper\SegSyllsOutput_SynSongs_amp100_30p_15_S4A06622_20180722_170100_clip.gzip	256.2637362637362	1048.110661268556	5174.4264507422395	6179.5546558704455	506.98412698412693	3309.6491228070176	9327.19298245614	2879.8245614035086	120	13	1.3	6490.350877192983	11.428571428571427	257.89473684210526	176.9331387319121	850.201685659694
C:\Users\abiga\Box Sync\Abigail_Nicole\ChipperPaper\SyntheticSongs\ChipperedByNicole_Try3ForPaper\SegSyllsOutput_SynSongs_amp100_30p_15_WhiteNoise_001.gzip	455.84126984126976	1663.421052631579	5248.157894736843	6868.596491228071	708.5714285714286	3868.4210526315787	9628.070175438595	2407.017543859649	120	10	1.0	7264.035087719298	95.23809523809523	472.8070175438596	192.843516404099	1035.7592768132974
C:\Users\abiga\Box Sync\Abigail_Nicole\ChipperPaper\SyntheticSongs\ChipperedByNicole_Try3ForPaper\SegSyllsOutput_SynSongs_amp100_30p_15_WhiteNoise_01.gzip	453.11111111111103	1706.4035087719299	5230.964912280701	6894.38596491228	700.3174603174602	3868.4210526315787	9671.052631578947	2407.017543859649	120	10	1.0	7307.017543859649	94.92063492063491	515.7894736842105	190.43868237401787	1008.6488652792353
C:\Users\abiga\Box Sync\Abigail_Nicole\ChipperPaper\SyntheticSongs\ChipperedByNicole_Try3ForPaper\SegSyllsOutput_SynSongs_amp100_30p_16_S4A06622_20180409_161600_clip.gzip	415.9047619047618	1190.6140350877192	5927.280701754385	7074.912280701756	714.9206349206348	4771.0526315789475	10186.842105263158	1891.2280701754385	120	10	1.0	8338.59649122807	123.8095238095238	472.8070175438596	204.75949576806406	1318.2921650428605
C:\Users\abiga\Box Sync\Abigail_Nicole\ChipperPaper\SyntheticSongs\ChipperedByNicole_Try3ForPaper\SegSyllsOutput_SynSongs_amp100_30p_16_S4A06622_20180722_170100_clip.gzip	279.68253968253964	881.1403508771928	5383.5526315789475	6221.710526315789	494.2857142857143	4126.315789473684	10100.877192982456	1934.2105263157894	120	12	1.2	8209.649122807017	12.698412698412698	214.91228070175438	180.68449323200133	1091.7728464199224
C:\Users\abiga\Box Sync\Abigail_Nicole\ChipperPaper\SyntheticSongs\ChipperedByNicole_Try3ForPaper\SegSyllsOutput_SynSongs_amp100_30p_16_WhiteNoise_001.gzip	416.98412698412693	1186.3157894736842	5927.280701754385	7070.6140350877195	720.952380952381	4771.0526315789475	10186.842105263158	1891.2280701754385	120	10	1.0	8338.59649122807	123.8095238095238	472.8070175438596	206.17207157725676	1320.8045556624745
C:\Users\abiga\Box Sync\Abigail_Nicole\ChipperPaper\SyntheticSongs\ChipperedByNicole_Try3ForPaper\SegSyllsOutput_SynSongs_amp100_30p_16_WhiteNoise_01.gzip	414.6666666666667	1225.0	5905.789473684209	7087.807017543859	710.1587301587301	4857.017543859649	10186.842105263158	1891.2280701754385	120	10	1.0	8338.59649122807	123.8095238095238	515.7894736842105	203.3910773586058	1334.72657599211
C:\Users\abiga\Box Sync\Abigail_Nicole\ChipperPaper\SyntheticSongs\ChipperedByNicole_Try3ForPaper\SegSyllsOutput_SynSongs_amp100_30p_17_S4A06622_20180409_161600_clip.gzip	420.6031746031746	1384.0350877192982	6210.964912280701	7552.017543859649	703.1746031746031	3567.5438596491226	10229.82456140351	2578.9473684210525	120	10	1.0	7693.859649122807	154.9206349206349	429.82456140350877	199.07546168371536	1130.8371172511456
C:\Users\abiga\Box Sync\Abigail_Nicole\ChipperPaper\SyntheticSongs\ChipperedByNicole_Try3ForPaper\SegSyllsOutput_SynSongs_amp100_30p_17_WhiteNoise_001.gzip	463.39682539682536	1517.280701754386	6137.894736842106	7612.192982456141	734.2857142857142	3696.4912280701756	10229.82456140351	2492.9824561403507	120	10	1.0	7779.824561403509	160.63492063492063	472.8070175438596	223.60697552861143	1183.2195731092536
C:\Users\abiga\Box Sync\Abigail_Nicole\ChipperPaper\SyntheticSongs\ChipperedByNicole_Try3ForPaper\SegSyllsOutput_SynSongs_amp100_30p_18_S4A06622_20180409_161600_clip.gzip	392.66666666666663	2157.7192982456136	4066.140350877194	6180.877192982456	655.2380952380952	4685.087719298245	9456.140350877193	1891.2280701754385	120	10	1.0	7607.894736842105	166.03174603174602	515.7894736842105	171.513431867086	1396.294127362268
C:\Users\abiga\Box Sync\Abigail_Nicole\ChipperPaper\SyntheticSongs\ChipperedByNicole_Try3ForPaper\SegSyllsOutput_SynSongs_amp100_30p_18_S4A06622_20180722_170100_clip.gzip	66.86918445539135	377.57864488808224	395.7350272232301	730.3312159709618	516.1904761904761	2793.859649122807	9155.263157894737	42.98245614035088	120	116	4.461538461538462	9155.263157894737	8.88888888888889	171.9298245614035	66.63599671197815	391.0266057776188
C:\Users\abiga\Box Sync\Abigail_Nicole\ChipperPaper\SyntheticSongs\ChipperedByNicole_Try3ForPaper\SegSyllsOutput_SynSongs_amp100_30p_18_WhiteNoise_001.gzip	392.12698412698404	2153.4210526315787	4066.140350877194	6176.578947368421	653.015873015873	4728.070175438596	9456.140350877193	1891.2280701754385	120	10	1.0	7607.894736842105	166.34920634920633	515.7894736842105	170.96211933438795	1408.1010063080223
C:\Users\abiga\Box Sync\Abigail_Nicole\ChipperPaper\SyntheticSongs\ChipperedByNicole_Try3ForPaper\SegSyllsOutput_SynSongs_amp100_30p_18_WhiteNoise_01.gzip	391.77777777777777	2192.105263157894	4048.947368421052	6198.070175438596	644.1269841269841	4728.070175438596	9456.140350877193	1891.2280701754385	120	10	1.0	7607.894736842105	167.61904761904762	515.7894736842105	168.88785786904666	1411.966233316938
C:\Users\abiga\Box Sync\Abigail_Nicole\ChipperPaper\SyntheticSongs\ChipperedByNicole_Try3ForPaper\SegSyllsOutput_SynSongs_amp100_30p_19_S4A06622_20180409_161600_clip.gzip	441.1746031746032	2067.456140350877	5046.140350877192	7070.6140350877195	666.031746031746	6834.210526315789	10100.877192982456	1848.2456140350878	120	10	1.0	8295.61403508772	171.11111111111111	386.8421052631579	188.87060217085002	2282.566730737757
C:\Users\abiga\Box Sync\Abigail_Nicole\ChipperPaper\SyntheticSongs\ChipperedByNicole_Try3ForPaper\SegSyllsOutput_SynSongs_amp100_30p_19_S4A06622_20180722_170100_clip.gzip	362.2510822510822	1793.5406698564593	4825.757575757575	6576.315789473684	637.4603174603175	6447.368421052632	10100.877192982456	1805.2631578947369	120	11	1.1	8338.59649122807	18.095238095238095	257.89473684210526	187.50661119688223	2041.0187421496114
C:\Users\abiga\Box Sync\Abigail_Nicole\ChipperPaper\SyntheticSongs\ChipperedByNicole_Try3ForPaper\SegSyllsOutput_SynSongs_amp100_30p_19_WhiteNoise_001.gzip	441.4603174603174	2063.157894736842	5054.736842105264	7074.912280701756	666.984126984127	6834.210526315789	10100.877192982456	1891.2280701754385	120	10	1.0	8252.631578947368	171.11111111111111	386.8421052631579	189.2047630817837	2293.113923189205
C:\Users\abiga\Box Sync\Abigail_Nicole\ChipperPaper\SyntheticSongs\ChipperedByNicole_Try3ForPaper\SegSyllsOutput_SynSongs_amp100_30p_19_WhiteNoise_01.gzip	437.4285714285714	2080.350877192982	5037.543859649122	7074.912280701756	666.031746031746	6877.19298245614	10143.859649122807	1848.2456140350878	120	10	1.0	8338.59649122807	171.11111111111111	386.8421052631579	184.37880062003276	2279.214284768043
C:\Users\abiga\Box Sync\Abigail_Nicole\ChipperPaper\SyntheticSongs\ChipperedByNicole_Try3ForPaper\SegSyllsOutput_SynSongs_amp100_30p_1_S4A06622_20180409_161600_clip.gzip	310.1904761904762	1809.5614035087722	4706.578947368421	6473.157894736843	577.1428571428571	4384.210526315789	9585.087719298246	2106.1403508771928	120	10	1.0	7521.929824561404	96.5079365079365	558.7719298245614	148.36835108772476	1316.7964600259588
C:\Users\abiga\Box Sync\Abigail_Nicole\ChipperPaper\SyntheticSongs\ChipperedByNicole_Try3ForPaper\SegSyllsOutput_SynSongs_amp100_30p_1_S4A06622_20180722_170100_clip.gzip	215.95959595959593	1312.9186602870811	4876.555023923444	6146.491228070176	405.39682539682536	3438.59649122807	9112.280701754386	2192.1052631578946	120	11	1.1	6963.157894736842	16.825396825396826	214.91228070175438	116.85912995633457	1082.844629517901
C:\Users\abiga\Box Sync\Abigail_Nicole\ChipperPaper\SyntheticSongs\ChipperedByNicole_Try3ForPaper\SegSyllsOutput_SynSongs_amp100_30p_1_WhiteNoise_001.gzip	309.9682539682539	1805.263157894737	4710.877192982457	6473.157894736843	575.5555555555555	4384.210526315789	9585.087719298246	2149.122807017544	120	10	1.0	7478.9473684210525	96.5079365079365	558.7719298245614	147.90540960385547	1320.773471691425
C:\Users\abiga\Box Sync\Abigail_Nicole\ChipperPaper\SyntheticSongs\ChipperedByNicole_Try3ForPaper\SegSyllsOutput_SynSongs_amp100_30p_1_WhiteNoise_01.gzip	299.33333333333337	1788.0701754385966	4719.473684210527	6464.561403508771	544.1269841269841	4384.210526315789	9499.122807017544	2192.1052631578946	120	10	1.0	7350.0	96.19047619047619	558.7719298245614	139.51099374720704	1307.3702835234333
C:\Users\abiga\Box Sync\Abigail_Nicole\ChipperPaper\SyntheticSongs\ChipperedByNicole_Try3ForPaper\SegSyllsOutput_SynSongs_amp100_30p_20_S4A06622_20180409_161600_clip.gzip	470.6984126984127	911.2280701754386	5858.508771929825	6726.754385964912	703.4920634920635	3137.719298245614	9284.21052631579	2149.122807017544	120	10	1.0	7178.070175438596	148.25396825396825	472.8070175438596	205.90694975564074	863.1760010145508
C:\Users\abiga\Box Sync\Abigail_Nicole\ChipperPaper\SyntheticSongs\ChipperedByNicole_Try3ForPaper\SegSyllsOutput_SynSongs_amp100_30p_20_S4A06622_20180722_170100_clip.gzip	354.8677248677248	755.7748538011696	5605.628654970761	6318.421052631579	602.8571428571428	2922.8070175438597	9284.21052631579	2106.1403508771928	120	12	1.2	7221.0526315789475	17.77777777777778	171.9298245614035	222.28536861357742	762.8537459087521
C:\Users\abiga\Box Sync\Abigail_Nicole\ChipperPaper\SyntheticSongs\ChipperedByNicole_Try3ForPaper\SegSyllsOutput_SynSongs_amp100_30p_20_WhiteNoise_001.gzip	471.079365079365	902.6315789473686	5867.105263157895	6726.754385964912	704.1269841269841	3094.7368421052633	9284.21052631579	2149.122807017544	120	10	1.0	7178.070175438596	148.25396825396825	472.8070175438596	206.2698232870727	846.6561969965074
C:\Users\abiga\Box Sync\Abigail_Nicole\ChipperPaper\SyntheticSongs\ChipperedByNicole_Try3ForPaper\SegSyllsOutput_SynSongs_amp100_30p_20_WhiteNoise_01.gzip	469.9999999999999	915.5263157894735	5854.210526315789	6726.754385964912	707.3015873015872	3137.719298245614	9284.21052631579	2149.122807017544	120	10	1.0	7178.070175438596	146.984126984127	472.8070175438596	205.75822303880483	860.8541748750372
C:\Users\abiga\Box Sync\Abigail_Nicole\ChipperPaper\SyntheticSongs\ChipperedByNicole_Try3ForPaper\SegSyllsOutput_SynSongs_amp100_30p_21_S4A06622_20180409_161600_clip.gzip	451.68253968253964	2209.298245614035	5484.561403508773	7650.877192982456	675.2380952380952	5673.684210526316	10057.894736842105	2621.9298245614036	120	10	1.0	7478.9473684210525	132.38095238095238	515.7894736842105	186.3530701551488	1823.9513525041639
C:\Users\abiga\Box Sync\Abigail_Nicole\ChipperPaper\SyntheticSongs\ChipperedByNicole_Try3ForPaper\SegSyllsOutput_SynSongs_amp100_30p_21_S4A06622_20180722_170100_clip.gzip	391.9480519480519	1981.1004784688996	5310.287081339714	7248.405103668261	635.2380952380952	5501.754385964912	10057.894736842105	2664.9122807017543	120	11	1.1	7435.964912280701	13.333333333333332	257.89473684210526	205.25754079806075	1741.8721405317497
C:\Users\abiga\Box Sync\Abigail_Nicole\ChipperPaper\SyntheticSongs\ChipperedByNicole_Try3ForPaper\SegSyllsOutput_SynSongs_amp100_30p_21_WhiteNoise_001.gzip	451.968253968254	2209.298245614035	5484.561403508773	7650.877192982456	674.6031746031746	5673.684210526316	10057.894736842105	2621.9298245614036	120	10	1.0	7478.9473684210525	132.38095238095238	515.7894736842105	186.47142424696762	1823.9513525041639
C:\Users\abiga\Box Sync\Abigail_Nicole\ChipperPaper\SyntheticSongs\ChipperedByNicole_Try3ForPaper\SegSyllsOutput_SynSongs_amp100_30p_21_WhiteNoise_01.gzip	451.7777777777777	2226.491228070175	5480.263157894737	7663.771929824562	675.2380952380952	5716.666666666667	10057.894736842105	2621.9298245614036	120	10	1.0	7478.9473684210525	133.015873015873	515.7894736842105	185.77679949978767	1833.0000443200606
C:\Users\abiga\Box Sync\Abigail_Nicole\ChipperPaper\SyntheticSongs\ChipperedByNicole_Try3ForPaper\SegSyllsOutput_SynSongs_amp100_30p_22_S4A06622_20180409_161600_clip.gzip	390.57142857142856	1981.491228070175	5179.3859649122805	7117.894736842106	655.2380952380952	6103.508771929824	9885.964912280702	2321.0526315789475	120	10	1.0	7607.894736842105	113.01587301587301	515.7894736842105	207.47294343074208	2064.4956879438614
C:\Users\abiga\Box Sync\Abigail_Nicole\ChipperPaper\SyntheticSongs\ChipperedByNicole_Try3ForPaper\SegSyllsOutput_SynSongs_amp100_30p_22_S4A06622_20180722_170100_clip.gzip	336.57142857142856	1749.3859649122805	5304.035087719297	7010.438596491229	538.4126984126984	5243.859649122807	9800.0	2321.0526315789475	120	10	1.0	7521.929824561404	103.80952380952381	515.7894736842105	172.56055811369902	1802.765491153478
C:\Users\abiga\Box Sync\Abigail_Nicole\ChipperPaper\SyntheticSongs\ChipperedByNicole_Try3ForPaper\SegSyllsOutput_SynSongs_amp100_30p_22_WhiteNoise_001.gzip	390.8253968253968	1977.1929824561405	5183.684210526317	7117.894736842106	654.2857142857142	6103.508771929824	9885.964912280702	2321.0526315789475	120	10	1.0	7607.894736842105	113.33333333333333	515.7894736842105	207.57128014917564	2065.5444286691577
C:\Users\abiga\Box Sync\Abigail_Nicole\ChipperPaper\SyntheticSongs\ChipperedByNicole_Try3ForPaper\SegSyllsOutput_SynSongs_amp100_30p_22_WhiteNoise_01.gzip	388.41269841269843	2002.9824561403507	5175.087719298244	7135.087719298245	641.2698412698412	6060.526315789473	9885.964912280702	2278.0701754385964	120	10	1.0	7650.877192982456	113.33333333333333	515.7894736842105	204.53919228142638	2044.6882841994332
C:\Users\abiga\Box Sync\Abigail_Nicole\ChipperPaper\SyntheticSongs\ChipperedByNicole_Try3ForPaper\SegSyllsOutput_SynSongs_amp100_30p_23_S4A06622_20180409_161600_clip.gzip	441.047619047619	1160.5263157894738	5720.964912280702	6838.508771929825	603.1746031746031	2278.0701754385964	9928.947368421053	2020.1754385964912	120	10	1.0	7951.754385964912	235.87301587301587	515.7894736842105	132.2328016923087	609.886570781196
C:\Users\abiga\Box Sync\Abigail_Nicole\ChipperPaper\SyntheticSongs\ChipperedByNicole_Try3ForPaper\SegSyllsOutput_SynSongs_amp100_30p_23_S4A06622_20180722_170100_clip.gzip	226.54456654456655	661.2685560053981	5382.72604588394	6001.012145748989	380.0	1418.421052631579	9757.017543859649	2106.1403508771928	120	13	1.3	7693.859649122807	15.873015873015872	214.91228070175438	136.22232570329317	427.14357312308687
C:\Users\abiga\Box Sync\Abigail_Nicole\ChipperPaper\SyntheticSongs\ChipperedByNicole_Try3ForPaper\SegSyllsOutput_SynSongs_amp100_30p_23_WhiteNoise_001.gzip	441.4603174603174	1151.9298245614034	5720.964912280702	6829.912280701753	605.3968253968253	2278.0701754385964	9928.947368421053	2020.1754385964912	120	10	1.0	7951.754385964912	236.19047619047618	472.8070175438596	132.46354412056945	614.5138484437995
C:\Users\abiga\Box Sync\Abigail_Nicole\ChipperPaper\SyntheticSongs\ChipperedByNicole_Try3ForPaper\SegSyllsOutput_SynSongs_amp100_30p_23_WhiteNoise_01.gzip	433.0793650793651	1199.2105263157894	5708.070175438597	6864.298245614034	586.984126984127	2278.0701754385964	9971.929824561403	2020.1754385964912	120	10	1.0	7994.736842105263	235.55555555555554	515.7894736842105	127.57620346567046	610.7106399286838
C:\Users\abiga\Box Sync\Abigail_Nicole\ChipperPaper\SyntheticSongs\ChipperedByNicole_Try3ForPaper\SegSyllsOutput_SynSongs_amp100_30p_24_S4A06622_20180409_161600_clip.gzip	458.53968253968253	2763.7719298245615	4431.4912280701765	7152.280701754385	635.5555555555555	6404.3859649122805	8639.473684210527	2020.1754385964912	120	10	1.0	6662.2807017543855	293.6507936507936	472.8070175438596	108.70956691686074	2051.488787774967
C:\Users\abiga\Box Sync\Abigail_Nicole\ChipperPaper\SyntheticSongs\ChipperedByNicole_Try3ForPaper\SegSyllsOutput_SynSongs_amp100_30p_24_S4A06622_20180722_170100_clip.gzip	207.06349206349205	1407.6754385964914	4478.234649122807	5842.9276315789475	542.2222222222222	5845.6140350877195	8424.561403508771	2020.1754385964912	120	16	1.6	6447.368421052632	14.603174603174603	214.91228070175438	170.50976584029897	1623.0834125299777
C:\Users\abiga\Box Sync\Abigail_Nicole\ChipperPaper\SyntheticSongs\ChipperedByNicole_Try3ForPaper\SegSyllsOutput_SynSongs_amp100_30p_24_WhiteNoise_001.gzip	458.06349206349194	2750.877192982456	4444.38596491228	7152.280701754385	635.5555555555555	6404.3859649122805	8639.473684210527	2020.1754385964912	120	10	1.0	6662.2807017543855	294.9206349206349	472.8070175438596	108.09641127800377	2048.3794948126647
C:\Users\abiga\Box Sync\Abigail_Nicole\ChipperPaper\SyntheticSongs\ChipperedByNicole_Try3ForPaper\SegSyllsOutput_SynSongs_amp100_30p_24_WhiteNoise_01.gzip	453.01587301587296	2798.157894736842	4405.701754385965	7160.877192982457	632.3809523809523	6447.368421052632	8639.473684210527	1977.1929824561403	120	10	1.0	6705.263157894737	281.58730158730157	515.7894736842105	109.81639216292946	2031.0139138397678
C:\Users\abiga\Box Sync\Abigail_Nicole\ChipperPaper\SyntheticSongs\ChipperedByNicole_Try3ForPaper\SegSyllsOutput_SynSongs_amp100_30p_25_S4A06622_20180409_161600_clip.gzip	453.68253968253964	1757.9824561403505	5965.964912280702	7680.964912280701	697.1428571428571	4384.210526315789	10229.82456140351	2020.1754385964912	120	10	1.0	8252.631578947368	124.76190476190476	429.82456140350877	224.2839331357897	1560.2427651055102
C:\Users\abiga\Box Sync\Abigail_Nicole\ChipperPaper\SyntheticSongs\ChipperedByNicole_Try3ForPaper\SegSyllsOutput_SynSongs_amp100_30p_25_S4A06622_20180722_170100_clip.gzip	331.8614718614718	1363.7161084529505	6099.601275917066	7420.334928229665	536.1904761904761	3524.561403508772	10186.842105263158	2063.157894736842	120	11	1.1	8166.666666666667	17.142857142857142	171.9298245614035	185.29477908730266	1285.325064767156
C:\Users\abiga\Box Sync\Abigail_Nicole\ChipperPaper\SyntheticSongs\ChipperedByNicole_Try3ForPaper\SegSyllsOutput_SynSongs_amp100_30p_25_WhiteNoise_001.gzip	453.6190476190476	1753.6842105263156	5965.964912280702	7676.666666666668	698.0952380952381	4341.228070175439	10229.82456140351	2020.1754385964912	120	10	1.0	8252.631578947368	124.76190476190476	429.82456140350877	224.16112824540687	1552.2427019308159
C:\Users\abiga\Box Sync\Abigail_Nicole\ChipperPaper\SyntheticSongs\ChipperedByNicole_Try3ForPaper\SegSyllsOutput_SynSongs_amp100_30p_25_WhiteNoise_01.gzip	452.0	1783.771929824561	5953.070175438596	7693.859649122807	699.047619047619	4427.19298245614	10229.82456140351	2020.1754385964912	120	10	1.0	8252.631578947368	125.71428571428571	515.7894736842105	222.0313012055768	1554.2845492285476
C:\Users\abiga\Box Sync\Abigail_Nicole\ChipperPaper\SyntheticSongs\ChipperedByNicole_Try3ForPaper\SegSyllsOutput_SynSongs_amp100_30p_26_S4A06622_20180409_161600_clip.gzip	407.07936507936506	1005.7894736842105	6507.543859649122	7470.350877192983	649.5238095238095	1848.2456140350878	10186.842105263158	2020.1754385964912	120	10	1.0	8209.649122807017	115.23809523809523	472.8070175438596	184.60450455299554	472.24226416289156
C:\Users\abiga\Box Sync\Abigail_Nicole\ChipperPaper\SyntheticSongs\ChipperedByNicole_Try3ForPaper\SegSyllsOutput_SynSongs_amp100_30p_26_WhiteNoise_001.gzip	407.11111111111103	1001.4912280701753	6507.543859649122	7466.052631578947	653.6507936507936	1848.2456140350878	10186.842105263158	2020.1754385964912	120	10	1.0	8209.649122807017	114.92063492063491	472.8070175438596	185.36512497458446	472.1770568446745
C:\Users\abiga\Box Sync\Abigail_Nicole\ChipperPaper\SyntheticSongs\ChipperedByNicole_Try3ForPaper\SegSyllsOutput_SynSongs_amp100_30p_26_WhiteNoise_01.gzip	307.40740740740745	870.3947368421053	6519.005847953217	7346.418128654971	596.5079365079365	1805.2631578947369	10186.842105263158	2020.1754385964912	120	12	1.2	8209.649122807017	11.428571428571427	257.89473684210526	196.17428650953542	488.7455962947747
C:\Users\abiga\Box Sync\Abigail_Nicole\ChipperPaper\SyntheticSongs\ChipperedByNicole_Try3ForPaper\SegSyllsOutput_SynSongs_amp100_30p_27_S4A06622_20180409_161600_clip.gzip	446.34920634920627	2007.280701754386	5050.438596491228	7014.736842105262	667.3015873015872	4771.0526315789475	9928.947368421053	2321.0526315789475	120	10	1.0	7650.877192982456	168.88888888888889	386.8421052631579	145.55646912139565	1537.3932589149163
C:\Users\abiga\Box Sync\Abigail_Nicole\ChipperPaper\SyntheticSongs\ChipperedByNicole_Try3ForPaper\SegSyllsOutput_SynSongs_amp100_30p_27_S4A06622_20180722_170100_clip.gzip	442.57142857142856	2033.0701754385962	5033.245614035089	7023.333333333332	664.4444444444445	4771.0526315789475	9928.947368421053	2321.0526315789475	120	10	1.0	7650.877192982456	168.25396825396825	472.8070175438596	143.16982828532878	1517.232672124413
C:\Users\abiga\Box Sync\Abigail_Nicole\ChipperPaper\SyntheticSongs\ChipperedByNicole_Try3ForPaper\SegSyllsOutput_SynSongs_amp100_30p_27_WhiteNoise_001.gzip	446.6031746031746	2011.578947368421	5046.140350877192	7014.736842105262	669.2063492063492	4771.0526315789475	9928.947368421053	2321.0526315789475	120	10	1.0	7650.877192982456	168.88888888888889	386.8421052631579	145.8027343151741	1540.0280736503041
C:\Users\abiga\Box Sync\Abigail_Nicole\ChipperPaper\SyntheticSongs\ChipperedByNicole_Try3ForPaper\SegSyllsOutput_SynSongs_amp100_30p_27_WhiteNoise_01.gzip	445.52380952380946	2020.1754385964912	5041.842105263158	7019.035087719299	663.8095238095237	4771.0526315789475	9928.947368421053	2321.0526315789475	120	10	1.0	7650.877192982456	168.57142857142856	429.82456140350877	144.4873630445273	1530.1593402136289
C:\Users\abiga\Box Sync\Abigail_Nicole\ChipperPaper\SyntheticSongs\ChipperedByNicole_Try3ForPaper\SegSyllsOutput_SynSongs_amp100_30p_28_S4A06622_20180409_161600_clip.gzip	358.031746031746	2067.456140350877	4826.929824561404	6851.4035087719285	694.9206349206349	3567.5438596491226	9585.087719298246	2578.9473684210525	120	10	1.0	7049.122807017544	147.93650793650792	429.82456140350877	186.99097192850365	989.2088534827338
C:\Users\abiga\Box Sync\Abigail_Nicole\ChipperPaper\SyntheticSongs\ChipperedByNicole_Try3ForPaper\SegSyllsOutput_SynSongs_amp100_30p_28_S4A06622_20180722_170100_clip.gzip	320.54834054834055	1949.8405103668258	4774.960127591706	6681.818181818181	659.3650793650793	3567.5438596491226	9585.087719298246	2535.964912280702	120	11	1.1	7092.105263157895	19.68253968253968	214.91228070175438	195.51102826960516	1060.5911650091414
C:\Users\abiga\Box Sync\Abigail_Nicole\ChipperPaper\SyntheticSongs\ChipperedByNicole_Try3ForPaper\SegSyllsOutput_SynSongs_amp100_30p_28_WhiteNoise_001.gzip	358.0952380952381	2067.456140350877	4826.929824561404	6851.4035087719285	693.968253968254	3567.5438596491226	9585.087719298246	2578.9473684210525	120	10	1.0	7049.122807017544	147.93650793650792	429.82456140350877	186.8841790229516	989.2088534827338
C:\Users\abiga\Box Sync\Abigail_Nicole\ChipperPaper\SyntheticSongs\ChipperedByNicole_Try3ForPaper\SegSyllsOutput_SynSongs_amp100_30p_28_WhiteNoise_01.gzip	359.20634920634916	2067.456140350877	4831.228070175438	6855.701754385965	693.968253968254	3524.561403508772	9585.087719298246	2578.9473684210525	120	10	1.0	7049.122807017544	147.93650793650792	429.82456140350877	188.01509689593485	982.545896241141
C:\Users\abiga\Box Sync\Abigail_Nicole\ChipperPaper\SyntheticSongs\ChipperedByNicole_Try3ForPaper\SegSyllsOutput_SynSongs_amp100_30p_29_S4A06622_20180409_161600_clip.gzip	426.66666666666663	1904.122807017544	4259.561403508773	6120.701754385964	772.3809523809523	4298.245614035088	9499.122807017544	1848.2456140350878	120	10	1.0	7693.859649122807	115.23809523809523	515.7894736842105	229.05572835662005	1474.1374181284518
C:\Users\abiga\Box Sync\Abigail_Nicole\ChipperPaper\SyntheticSongs\ChipperedByNicole_Try3ForPaper\SegSyllsOutput_SynSongs_amp100_30p_29_S4A06622_20180722_170100_clip.gzip	411.58730158730157	1878.3333333333328	4263.859649122806	6099.210526315788	760.0	4212.2807017543855	9456.140350877193	1805.2631578947369	120	10	1.0	7693.859649122807	113.96825396825396	558.7719298245614	218.15718873992716	1438.4752510362425
C:\Users\abiga\Box Sync\Abigail_Nicole\ChipperPaper\SyntheticSongs\ChipperedByNicole_Try3ForPaper\SegSyllsOutput_SynSongs_amp100_30p_29_WhiteNoise_001.gzip	426.7619047619047	1899.8245614035088	4263.859649122806	6120.701754385964	771.7460317460317	4298.245614035088	9499.122807017544	1848.2456140350878	120	10	1.0	7693.859649122807	115.55555555555554	472.8070175438596	229.15309342367073	1478.6908941258523
C:\Users\abiga\Box Sync\Abigail_Nicole\ChipperPaper\SyntheticSongs\ChipperedByNicole_Try3ForPaper\SegSyllsOutput_SynSongs_amp100_30p_29_WhiteNoise_01.gzip	425.8730158730158	1917.0175438596489	4250.9649122807	6125.0	771.7460317460317	4298.245614035088	9499.122807017544	1805.2631578947369	120	10	1.0	7736.8421052631575	115.55555555555554	515.7894736842105	227.7114062424362	1471.370666108617
C:\Users\abiga\Box Sync\Abigail_Nicole\ChipperPaper\SyntheticSongs\ChipperedByNicole_Try3ForPaper\SegSyllsOutput_SynSongs_amp100_30p_2_S4A06622_20180409_161600_clip.gzip	429.5238095238095	1302.3684210526317	4826.929824561404	6086.315789473685	581.9047619047619	3868.4210526315787	9757.017543859649	2063.157894736842	120	10	1.0	7736.8421052631575	321.90476190476187	472.8070175438596	88.17640889224279	1043.8534284873701
C:\Users\abiga\Box Sync\Abigail_Nicole\ChipperPaper\SyntheticSongs\ChipperedByNicole_Try3ForPaper\SegSyllsOutput_SynSongs_amp100_30p_2_S4A06622_20180722_170100_clip.gzip	410.2539682539682	1285.1754385964912	4831.228070175438	6073.421052631579	551.7460317460317	3782.456140350877	9714.035087719298	2020.1754385964912	120	10	1.0	7736.8421052631575	311.1111111111111	472.8070175438596	80.99435920970006	1022.8760981288927
C:\Users\abiga\Box Sync\Abigail_Nicole\ChipperPaper\SyntheticSongs\ChipperedByNicole_Try3ForPaper\SegSyllsOutput_SynSongs_amp100_30p_2_WhiteNoise_001.gzip	429.7460317460317	1302.3684210526317	4826.929824561404	6086.315789473685	582.8571428571428	3868.4210526315787	9757.017543859649	2063.157894736842	120	10	1.0	7736.8421052631575	321.90476190476187	472.8070175438596	88.3903948512644	1043.8534284873701
C:\Users\abiga\Box Sync\Abigail_Nicole\ChipperPaper\SyntheticSongs\ChipperedByNicole_Try3ForPaper\SegSyllsOutput_SynSongs_amp100_30p_2_WhiteNoise_01.gzip	430.031746031746	1306.6666666666667	4822.631578947368	6086.315789473685	582.2222222222222	3825.438596491228	9757.017543859649	2063.157894736842	120	10	1.0	7736.8421052631575	322.53968253968253	472.8070175438596	88.38902028897797	1029.0286864895518
C:\Users\abiga\Box Sync\Abigail_Nicole\ChipperPaper\SyntheticSongs\ChipperedByNicole_Try3ForPaper\SegSyllsOutput_SynSongs_amp100_30p_30_S4A06622_20180409_161600_clip.gzip	417.2063492063492	1439.9122807017543	5725.263157894737	7122.192982456139	697.7777777777777	4255.263157894737	9628.070175438595	2407.017543859649	120	10	1.0	7264.035087719298	93.33333333333333	515.7894736842105	192.21812539962602	1115.5674906688223
C:\Users\abiga\Box Sync\Abigail_Nicole\ChipperPaper\SyntheticSongs\ChipperedByNicole_Try3ForPaper\SegSyllsOutput_SynSongs_amp100_30p_30_S4A06622_20180722_170100_clip.gzip	412.66666666666663	1465.701754385965	5720.964912280702	7143.684210526315	688.8888888888888	4255.263157894737	9628.070175438595	2364.035087719298	120	10	1.0	7307.017543859649	92.6984126984127	558.7719298245614	186.90433765028214	1104.6946501946134
C:\Users\abiga\Box Sync\Abigail_Nicole\ChipperPaper\SyntheticSongs\ChipperedByNicole_Try3ForPaper\SegSyllsOutput_SynSongs_amp100_30p_30_WhiteNoise_001.gzip	416.98412698412693	1439.9122807017543	5725.263157894737	7122.192982456139	696.5079365079365	4255.263157894737	9628.070175438595	2407.017543859649	120	10	1.0	7264.035087719298	93.33333333333333	515.7894736842105	191.82230107707545	1115.5674906688223
C:\Users\abiga\Box Sync\Abigail_Nicole\ChipperPaper\SyntheticSongs\ChipperedByNicole_Try3ForPaper\SegSyllsOutput_SynSongs_amp100_30p_30_WhiteNoise_01.gzip	416.85714285714283	1444.2105263157894	5725.263157894737	7126.491228070176	699.047619047619	4212.2807017543855	9628.070175438595	2407.017543859649	120	10	1.0	7264.035087719298	93.65079365079364	515.7894736842105	191.70651741373337	1096.6283890820253
C:\Users\abiga\Box Sync\Abigail_Nicole\ChipperPaper\SyntheticSongs\ChipperedByNicole_Try3ForPaper\SegSyllsOutput_SynSongs_amp100_30p_31_S4A06622_20180409_161600_clip.gzip	493.3968253968254	1676.3157894736844	5321.228070175439	6954.561403508772	700.952380952381	5415.789473684211	10057.894736842105	2278.0701754385964	120	10	1.0	7822.80701754386	152.69841269841268	429.82456140350877	172.5568591986554	1620.843287918027
C:\Users\abiga\Box Sync\Abigail_Nicole\ChipperPaper\SyntheticSongs\ChipperedByNicole_Try3ForPaper\SegSyllsOutput_SynSongs_amp100_30p_31_S4A06622_20180722_170100_clip.gzip	406.66666666666663	1445.7735247208932	5157.894736842105	6560.685805422647	614.9206349206349	5200.877192982456	10014.912280701754	2278.0701754385964	120	11	1.1	7779.824561403509	16.19047619047619	214.91228070175438	189.61073224055963	1522.7286855399952
C:\Users\abiga\Box Sync\Abigail_Nicole\ChipperPaper\SyntheticSongs\ChipperedByNicole_Try3ForPaper\SegSyllsOutput_SynSongs_amp100_30p_31_WhiteNoise_001.gzip	493.2063492063492	1676.3157894736844	5321.228070175439	6954.561403508772	701.9047619047618	5415.789473684211	10057.894736842105	2278.0701754385964	120	10	1.0	7822.80701754386	152.38095238095238	429.82456140350877	172.43185414553503	1620.843287918027
C:\Users\abiga\Box Sync\Abigail_Nicole\ChipperPaper\SyntheticSongs\ChipperedByNicole_Try3ForPaper\SegSyllsOutput_SynSongs_amp100_30p_31_WhiteNoise_01.gzip	491.3015873015872	1684.9122807017543	5312.631578947369	6954.561403508772	700.6349206349206	5415.789473684211	10057.894736842105	2278.0701754385964	120	10	1.0	7822.80701754386	153.33333333333331	472.8070175438596	171.38350704306572	1613.7099638641503
C:\Users\abiga\Box Sync\Abigail_Nicole\ChipperPaper\SyntheticSongs\ChipperedByNicole_Try3ForPaper\SegSyllsOutput_SynSongs_amp100_30p_32_S4A06622_20180409_161600_clip.gzip	410.031746031746	1792.3684210526312	4900.0	6649.3859649122805	678.0952380952381	6146.491228070176	9585.087719298246	2278.0701754385964	120	10	1.0	7350.0	177.77777777777777	515.7894736842105	195.88677600528683	1742.6663647865337
C:\Users\abiga\Box Sync\Abigail_Nicole\ChipperPaper\SyntheticSongs\ChipperedByNicole_Try3ForPaper\SegSyllsOutput_SynSongs_amp100_30p_32_S4A06622_20180722_170100_clip.gzip	234.96947496947493	1130.7692307692307	4949.5951417004035	6037.381916329285	442.53968253968253	4900.0	9413.157894736842	2321.0526315789475	120	13	1.3	7135.087719298245	14.603174603174603	257.89473684210526	149.77163244590122	1313.1808186275468
C:\Users\abiga\Box Sync\Abigail_Nicole\ChipperPaper\SyntheticSongs\ChipperedByNicole_Try3ForPaper\SegSyllsOutput_SynSongs_amp100_30p_32_WhiteNoise_001.gzip	411.1746031746032	1788.0701754385962	4904.298245614036	6649.3859649122805	677.4603174603175	6103.508771929824	9585.087719298246	2278.0701754385964	120	10	1.0	7350.0	178.09523809523807	515.7894736842105	197.0432770282505	1730.7460012582374
C:\Users\abiga\Box Sync\Abigail_Nicole\ChipperPaper\SyntheticSongs\ChipperedByNicole_Try3ForPaper\SegSyllsOutput_SynSongs_amp100_30p_32_WhiteNoise_01.gzip	408.06349206349205	1822.4561403508771	4882.807017543861	6662.2807017543855	669.8412698412698	6189.473684210527	9585.087719298246	2278.0701754385964	120	10	1.0	7350.0	176.8253968253968	515.7894736842105	194.4677133973345	1739.3826890939583
C:\Users\abiga\Box Sync\Abigail_Nicole\ChipperPaper\SyntheticSongs\ChipperedByNicole_Try3ForPaper\SegSyllsOutput_SynSongs_amp100_30p_33_S4A06622_20180409_161600_clip.gzip	429.80952380952385	1908.421052631579	4891.40350877193	6756.8421052631575	780.952380952381	4728.070175438596	10186.842105263158	2106.1403508771928	120	10	1.0	8123.684210526316	122.22222222222221	472.8070175438596	180.577503947288	1308.3120347562167
C:\Users\abiga\Box Sync\Abigail_Nicole\ChipperPaper\SyntheticSongs\ChipperedByNicole_Try3ForPaper\SegSyllsOutput_SynSongs_amp100_30p_33_S4A06622_20180722_170100_clip.gzip	409.1746031746032	1886.9298245614034	4900.0	6743.947368421052	753.015873015873	4513.157894736842	10143.859649122807	2063.157894736842	120	10	1.0	8123.684210526316	120.63492063492063	472.8070175438596	172.38205345220177	1265.9288057603076
C:\Users\abiga\Box Sync\Abigail_Nicole\ChipperPaper\SyntheticSongs\ChipperedByNicole_Try3ForPaper\SegSyllsOutput_SynSongs_amp100_30p_33_WhiteNoise_001.gzip	429.93650793650795	1904.122807017544	4895.701754385964	6756.8421052631575	781.2698412698412	4685.087719298245	10186.842105263158	2106.1403508771928	120	10	1.0	8123.684210526316	122.22222222222221	472.8070175438596	180.661671241529	1298.0496170738181
C:\Users\abiga\Box Sync\Abigail_Nicole\ChipperPaper\SyntheticSongs\ChipperedByNicole_Try3ForPaper\SegSyllsOutput_SynSongs_amp100_30p_33_WhiteNoise_01.gzip	428.5714285714286	1912.7192982456138	4887.105263157894	6756.8421052631575	781.5873015873016	4685.087719298245	10186.842105263158	2063.157894736842	120	10	1.0	8166.666666666667	122.22222222222221	472.8070175438596	179.77425196352846	1299.5037138046691
C:\Users\abiga\Box Sync\Abigail_Nicole\ChipperPaper\SyntheticSongs\ChipperedByNicole_Try3ForPaper\SegSyllsOutput_SynSongs_amp100_30p_34_S4A06622_20180409_161600_clip.gzip	335.74603174603175	1414.1228070175437	6034.736842105262	7405.877192982456	546.984126984127	4985.964912280701	10014.912280701754	2664.9122807017543	120	10	1.0	7392.982456140351	131.42857142857142	429.82456140350877	148.20106386796843	1377.2954388826545
C:\Users\abiga\Box Sync\Abigail_Nicole\ChipperPaper\SyntheticSongs\ChipperedByNicole_Try3ForPaper\SegSyllsOutput_SynSongs_amp100_30p_34_S4A06622_20180722_170100_clip.gzip	333.6190476190476	1431.3157894736844	6026.140350877193	7414.473684210526	546.984126984127	4942.982456140351	10057.894736842105	2621.9298245614036	120	10	1.0	7478.9473684210525	131.11111111111111	429.82456140350877	145.96643351967492	1362.2492932769749
C:\Users\abiga\Box Sync\Abigail_Nicole\ChipperPaper\SyntheticSongs\ChipperedByNicole_Try3ForPaper\SegSyllsOutput_SynSongs_amp100_30p_34_WhiteNoise_001.gzip	335.8730158730158	1414.1228070175437	6034.736842105262	7405.877192982456	547.6190476190476	4985.964912280701	10014.912280701754	2664.9122807017543	120	10	1.0	7392.982456140351	131.11111111111111	429.82456140350877	148.53343700931774	1377.2954388826545
C:\Users\abiga\Box Sync\Abigail_Nicole\ChipperPaper\SyntheticSongs\ChipperedByNicole_Try3ForPaper\SegSyllsOutput_SynSongs_amp100_30p_34_WhiteNoise_01.gzip	335.6190476190476	1422.719298245614	6030.438596491228	7410.1754385964905	546.3492063492063	5028.9473684210525	10014.912280701754	2621.9298245614036	120	10	1.0	7435.964912280701	131.42857142857142	429.82456140350877	148.538472957499	1388.7243639087828
C:\Users\abiga\Box Sync\Abigail_Nicole\ChipperPaper\SyntheticSongs\ChipperedByNicole_Try3ForPaper\SegSyllsOutput_SynSongs_amp100_30p_35_S4A06622_20180409_161600_clip.gzip	487.1746031746032	2217.8947368421054	4444.38596491228	6619.298245614035	823.8095238095237	4728.070175438596	8596.491228070176	2192.1052631578946	120	10	1.0	6447.368421052632	133.33333333333331	515.7894736842105	216.2561285557708	1402.5137310953069
C:\Users\abiga\Box Sync\Abigail_Nicole\ChipperPaper\SyntheticSongs\ChipperedByNicole_Try3ForPaper\SegSyllsOutput_SynSongs_amp100_30p_35_S4A06622_20180722_170100_clip.gzip	483.49206349206344	2260.877192982456	4414.298245614034	6632.192982456141	827.9365079365078	4642.105263157895	8596.491228070176	2149.122807017544	120	10	1.0	6490.350877192983	133.33333333333331	601.7543859649122	214.22673432227054	1382.1679922539295
C:\Users\abiga\Box Sync\Abigail_Nicole\ChipperPaper\SyntheticSongs\ChipperedByNicole_Try3ForPaper\SegSyllsOutput_SynSongs_amp100_30p_35_WhiteNoise_001.gzip	487.2380952380951	2217.8947368421054	4444.38596491228	6619.298245614035	823.8095238095237	4728.070175438596	8596.491228070176	2192.1052631578946	120	10	1.0	6447.368421052632	133.33333333333331	515.7894736842105	216.26356413717824	1402.5137310953069
C:\Users\abiga\Box Sync\Abigail_Nicole\ChipperPaper\SyntheticSongs\ChipperedByNicole_Try3ForPaper\SegSyllsOutput_SynSongs_amp100_30p_35_WhiteNoise_01.gzip	485.68253968253964	2230.789473684211	4440.087719298246	6627.894736842105	822.8571428571428	4728.070175438596	8596.491228070176	2192.1052631578946	120	10	1.0	6447.368421052632	133.65079365079364	558.7719298245614	215.12134149820005	1389.019966113923
C:\Users\abiga\Box Sync\Abigail_Nicole\ChipperPaper\SyntheticSongs\ChipperedByNicole_Try3ForPaper\SegSyllsOutput_SynSongs_amp100_30p_36_S4A06622_20180409_161600_clip.gzip	454.31746031746025	1667.7192982456138	4783.947368421053	6408.684210526317	733.015873015873	4513.157894736842	8424.561403508771	2621.9298245614036	120	10	1.0	5845.6140350877195	140.63492063492063	429.82456140350877	187.5348710143393	1503.7445026181372
C:\Users\abiga\Box Sync\Abigail_Nicole\ChipperPaper\SyntheticSongs\ChipperedByNicole_Try3ForPaper\SegSyllsOutput_SynSongs_amp100_30p_36_S4A06622_20180722_170100_clip.gzip	450.9206349206349	1697.8070175438595	4762.456140350878	6417.280701754386	729.8412698412698	4513.157894736842	8424.561403508771	2621.9298245614036	120	10	1.0	5845.6140350877195	140.3174603174603	472.8070175438596	185.85446404706136	1497.1022504327295
C:\Users\abiga\Box Sync\Abigail_Nicole\ChipperPaper\SyntheticSongs\ChipperedByNicole_Try3ForPaper\SegSyllsOutput_SynSongs_amp100_30p_36_WhiteNoise_001.gzip	454.31746031746025	1667.7192982456138	4783.947368421053	6408.684210526317	733.015873015873	4513.157894736842	8424.561403508771	2621.9298245614036	120	10	1.0	5845.6140350877195	140.63492063492063	429.82456140350877	187.5561866301644	1503.7445026181372
C:\Users\abiga\Box Sync\Abigail_Nicole\ChipperPaper\SyntheticSongs\ChipperedByNicole_Try3ForPaper\SegSyllsOutput_SynSongs_amp100_30p_36_WhiteNoise_01.gzip	453.96825396825386	1667.7192982456138	4783.947368421053	6408.684210526317	733.6507936507936	4513.157894736842	8424.561403508771	2621.9298245614036	120	10	1.0	5845.6140350877195	140.95238095238093	429.82456140350877	187.2606298446737	1503.7445026181372
C:\Users\abiga\Box Sync\Abigail_Nicole\ChipperPaper\SyntheticSongs\ChipperedByNicole_Try3ForPaper\SegSyllsOutput_SynSongs_amp100_30p_37_S4A06622_20180409_161600_clip.gzip	439.2063492063492	2462.8947368421054	4074.736842105264	6494.649122807018	561.5873015873016	6017.543859649123	9327.19298245614	2407.017543859649	120	10	1.0	6963.157894736842	204.76190476190476	429.82456140350877	127.54832773395874	1574.205357563038
C:\Users\abiga\Box Sync\Abigail_Nicole\ChipperPaper\SyntheticSongs\ChipperedByNicole_Try3ForPaper\SegSyllsOutput_SynSongs_amp100_30p_37_S4A06622_20180722_170100_clip.gzip	438.06349206349205	2501.578947368421	4053.2456140350882	6511.8421052631575	559.6825396825396	6060.526315789473	9327.19298245614	2364.035087719298	120	10	1.0	7006.140350877193	203.4920634920635	515.7894736842105	125.81315923704085	1575.7368160505525
C:\Users\abiga\Box Sync\Abigail_Nicole\ChipperPaper\SyntheticSongs\ChipperedByNicole_Try3ForPaper\SegSyllsOutput_SynSongs_amp100_30p_37_WhiteNoise_001.gzip	439.3015873015873	2462.8947368421054	4074.736842105264	6494.649122807018	561.5873015873016	6017.543859649123	9327.19298245614	2407.017543859649	120	10	1.0	6963.157894736842	205.07936507936506	429.82456140350877	127.4973579007068	1574.205357563038
C:\Users\abiga\Box Sync\Abigail_Nicole\ChipperPaper\SyntheticSongs\ChipperedByNicole_Try3ForPaper\SegSyllsOutput_SynSongs_amp100_30p_37_WhiteNoise_01.gzip	439.3015873015873	2475.789473684211	4061.842105263158	6494.649122807018	562.5396825396825	6017.543859649123	9327.19298245614	2407.017543859649	120	10	1.0	6963.157894736842	205.07936507936506	472.8070175438596	127.81533948994668	1566.5125036296092
C:\Users\abiga\Box Sync\Abigail_Nicole\ChipperPaper\SyntheticSongs\ChipperedByNicole_Try3ForPaper\SegSyllsOutput_SynSongs_amp100_30p_38_S4A06622_20180409_161600_clip.gzip	426.06349206349194	1732.19298245614	5084.8245614035095	6774.0350877193	672.3809523809523	5157.894736842105	9284.21052631579	2106.1403508771928	120	10	1.0	7221.0526315789475	236.19047619047618	472.8070175438596	174.87049922156214	1453.2407336727845
C:\Users\abiga\Box Sync\Abigail_Nicole\ChipperPaper\SyntheticSongs\ChipperedByNicole_Try3ForPaper\SegSyllsOutput_SynSongs_amp100_30p_38_S4A06622_20180722_170100_clip.gzip	323.8672438672439	1418.4210526315787	5036.762360446571	6412.200956937799	595.8730158730158	4470.175438596491	9241.228070175439	2278.0701754385964	120	11	1.1	7006.140350877193	18.095238095238095	386.8421052631579	165.81088336935315	1256.8234813043139
C:\Users\abiga\Box Sync\Abigail_Nicole\ChipperPaper\SyntheticSongs\ChipperedByNicole_Try3ForPaper\SegSyllsOutput_SynSongs_amp100_30p_38_WhiteNoise_001.gzip	426.4761904761905	1723.5964912280701	5093.421052631579	6774.0350877193	676.1904761904761	5114.912280701755	9284.21052631579	2106.1403508771928	120	10	1.0	7221.0526315789475	236.8253968253968	472.8070175438596	175.4954402082505	1449.3368651165574
C:\Users\abiga\Box Sync\Abigail_Nicole\ChipperPaper\SyntheticSongs\ChipperedByNicole_Try3ForPaper\SegSyllsOutput_SynSongs_amp100_30p_38_WhiteNoise_01.gzip	422.1269841269841	1740.7894736842106	5089.122807017543	6786.929824561403	670.1587301587301	5071.929824561404	9327.19298245614	2106.1403508771928	120	10	1.0	7264.035087719298	237.77777777777777	515.7894736842105	171.8257890680665	1429.3417098098244
C:\Users\abiga\Box Sync\Abigail_Nicole\ChipperPaper\SyntheticSongs\ChipperedByNicole_Try3ForPaper\SegSyllsOutput_SynSongs_amp100_30p_39_S4A06622_20180409_161600_clip.gzip	469.047619047619	1267.9824561403507	4242.368421052631	5467.368421052631	716.5079365079365	3739.4736842105262	9714.035087719298	2020.1754385964912	120	10	1.0	7736.8421052631575	140.3174603174603	472.8070175438596	208.87137208575407	1177.5153492251463
C:\Users\abiga\Box Sync\Abigail_Nicole\ChipperPaper\SyntheticSongs\ChipperedByNicole_Try3ForPaper\SegSyllsOutput_SynSongs_amp100_30p_39_S4A06622_20180722_170100_clip.gzip	356.3369963369963	1074.5614035087717	3848.582995951417	4880.161943319838	704.1269841269841	3782.456140350877	9714.035087719298	1977.1929824561403	120	13	1.3	7779.824561403509	10.793650793650793	214.91228070175438	261.6896219270366	1106.7460812098295
C:\Users\abiga\Box Sync\Abigail_Nicole\ChipperPaper\SyntheticSongs\ChipperedByNicole_Try3ForPaper\SegSyllsOutput_SynSongs_amp100_30p_39_WhiteNoise_001.gzip	469.4603174603174	1267.9824561403507	4242.368421052631	5467.368421052631	717.4603174603175	3739.4736842105262	9714.035087719298	2020.1754385964912	120	10	1.0	7736.8421052631575	140.3174603174603	472.8070175438596	209.02735261774052	1177.5153492251463
C:\Users\abiga\Box Sync\Abigail_Nicole\ChipperPaper\SyntheticSongs\ChipperedByNicole_Try3ForPaper\SegSyllsOutput_SynSongs_amp100_30p_39_WhiteNoise_01.gzip	469.14285714285705	1272.280701754386	4242.368421052631	5471.666666666667	713.6507936507936	3739.4736842105262	9714.035087719298	2020.1754385964912	120	10	1.0	7736.8421052631575	140.0	472.8070175438596	209.09928667454292	1174.3644680565137
C:\Users\abiga\Box Sync\Abigail_Nicole\ChipperPaper\SyntheticSongs\ChipperedByNicole_Try3ForPaper\SegSyllsOutput_SynSongs_amp100_30p_3_S4A06622_20180409_161600_clip.gzip	482.06349206349205	2475.789473684211	4392.807017543859	6825.6140350877195	752.063492063492	5974.561403508772	9928.947368421053	2364.035087719298	120	10	1.0	7607.894736842105	196.5079365079365	472.8070175438596	189.23068685724436	2035.4309719260955
C:\Users\abiga\Box Sync\Abigail_Nicole\ChipperPaper\SyntheticSongs\ChipperedByNicole_Try3ForPaper\SegSyllsOutput_SynSongs_amp100_30p_3_S4A06622_20180722_170100_clip.gzip	168.55379188712521	1088.888888888889	4169.298245614035	5215.204678362572	631.4285714285714	5071.929824561404	9542.105263157895	2578.9473684210525	120	18	1.8	7006.140350877193	15.238095238095237	214.91228070175438	170.59792784153996	1486.545400864229
C:\Users\abiga\Box Sync\Abigail_Nicole\ChipperPaper\SyntheticSongs\ChipperedByNicole_Try3ForPaper\SegSyllsOutput_SynSongs_amp100_30p_3_WhiteNoise_001.gzip	483.39682539682536	2475.789473684211	4392.807017543859	6825.6140350877195	753.015873015873	6017.543859649123	9928.947368421053	2364.035087719298	120	10	1.0	7607.894736842105	196.19047619047618	472.8070175438596	190.26820214138704	2044.0858243954958
C:\Users\abiga\Box Sync\Abigail_Nicole\ChipperPaper\SyntheticSongs\ChipperedByNicole_Try3ForPaper\SegSyllsOutput_SynSongs_amp100_30p_3_WhiteNoise_01.gzip	478.8253968253968	2553.157894736842	4354.122807017544	6864.298245614034	743.4920634920635	6060.526315789473	9928.947368421053	2321.0526315789475	120	10	1.0	7650.877192982456	196.19047619047618	558.7719298245614	185.01979311175734	2011.999339621
C:\Users\abiga\Box Sync\Abigail_Nicole\ChipperPaper\SyntheticSongs\ChipperedByNicole_Try3ForPaper\SegSyllsOutput_SynSongs_amp100_30p_40_S4A06622_20180409_161600_clip.gzip	422.44444444444446	1831.0526315789473	4491.666666666667	6279.736842105264	659.6825396825396	6834.210526315789	9284.21052631579	2492.9824561403507	120	10	1.0	6834.210526315789	171.74603174603175	472.8070175438596	175.34912325066054	1832.5968376183173
C:\Users\abiga\Box Sync\Abigail_Nicole\ChipperPaper\SyntheticSongs\ChipperedByNicole_Try3ForPaper\SegSyllsOutput_SynSongs_amp100_30p_40_S4A06622_20180722_170100_clip.gzip	381.8181818181818	1754.4657097288678	4376.395534290271	6087.878787878787	664.1269841269841	6877.19298245614	9284.21052631579	2450.0	120	11	1.1	6877.19298245614	20.317460317460316	257.89473684210526	203.19107527022493	1797.347077803695
C:\Users\abiga\Box Sync\Abigail_Nicole\ChipperPaper\SyntheticSongs\ChipperedByNicole_Try3ForPaper\SegSyllsOutput_SynSongs_amp100_30p_40_WhiteNoise_001.gzip	422.34920634920627	1826.7543859649122	4491.666666666667	6275.438596491228	658.4126984126984	6834.210526315789	9284.21052631579	2492.9824561403507	120	10	1.0	6834.210526315789	171.74603174603175	472.8070175438596	175.34415163487955	1833.1624219652672
C:\Users\abiga\Box Sync\Abigail_Nicole\ChipperPaper\SyntheticSongs\ChipperedByNicole_Try3ForPaper\SegSyllsOutput_SynSongs_amp100_30p_40_WhiteNoise_01.gzip	420.9206349206349	1843.9473684210527	4483.070175438597	6284.035087719298	652.3809523809523	6791.228070175439	9284.21052631579	2535.964912280702	120	10	1.0	6791.228070175439	171.74603174603175	472.8070175438596	172.94045247073066	1812.5769648713676
C:\Users\abiga\Box Sync\Abigail_Nicole\ChipperPaper\SyntheticSongs\ChipperedByNicole_Try3ForPaper\SegSyllsOutput_SynSongs_amp100_30p_41_S4A06622_20180409_161600_clip.gzip	418.0952380952381	760.7894736842105	5604.912280701753	6322.719298245615	592.3809523809523	3223.684210526316	9585.087719298246	2106.1403508771928	120	10	1.0	7521.929824561404	247.3015873015873	386.8421052631579	96.11180652698953	878.5564500915128
C:\Users\abiga\Box Sync\Abigail_Nicole\ChipperPaper\SyntheticSongs\ChipperedByNicole_Try3ForPaper\SegSyllsOutput_SynSongs_amp100_30p_41_WhiteNoise_001.gzip	482.2222222222222	885.4385964912278	5531.8421052631575	6374.298245614035	684.1269841269841	3653.5087719298244	9628.070175438595	2063.157894736842	120	10	1.0	7607.894736842105	258.4126984126984	472.8070175438596	120.64401710807533	985.414405844839
C:\Users\abiga\Box Sync\Abigail_Nicole\ChipperPaper\SyntheticSongs\ChipperedByNicole_Try3ForPaper\SegSyllsOutput_SynSongs_amp100_30p_41_WhiteNoise_01.gzip	280.41514041514034	671.187584345479	5653.846153846154	6282.051282051281	463.4920634920635	3008.7719298245615	9628.070175438595	2063.157894736842	120	13	1.3	7607.894736842105	10.158730158730158	214.91228070175438	162.12845759405482	721.9130235936843
C:\Users\abiga\Box Sync\Abigail_Nicole\ChipperPaper\SyntheticSongs\ChipperedByNicole_Try3ForPaper\SegSyllsOutput_SynSongs_amp100_30p_42_S4A06622_20180409_161600_clip.gzip	514.2539682539682	1594.6491228070176	6043.333333333334	7594.999999999999	695.5555555555555	4083.3333333333335	9800.0	2750.877192982456	120	10	1.0	7092.105263157895	188.57142857142856	472.8070175438596	160.264503101406	1228.401198076978
C:\Users\abiga\Box Sync\Abigail_Nicole\ChipperPaper\SyntheticSongs\ChipperedByNicole_Try3ForPaper\SegSyllsOutput_SynSongs_amp100_30p_42_S4A06622_20180722_170100_clip.gzip	362.24867724867727	1217.8362573099414	5580.555555555555	6755.409356725147	575.2380952380952	3352.6315789473683	9757.017543859649	2836.842105263158	120	12	1.2	6963.157894736842	12.063492063492063	171.9298245614035	194.3302940646345	1099.5650270623105
C:\Users\abiga\Box Sync\Abigail_Nicole\ChipperPaper\SyntheticSongs\ChipperedByNicole_Try3ForPaper\SegSyllsOutput_SynSongs_amp100_30p_42_WhiteNoise_001.gzip	514.1904761904763	1590.3508771929826	6047.631578947367	7594.999999999999	698.0952380952381	4083.3333333333335	9800.0	2750.877192982456	120	10	1.0	7092.105263157895	188.57142857142856	472.8070175438596	160.3807687526615	1223.4699414856732
C:\Users\abiga\Box Sync\Abigail_Nicole\ChipperPaper\SyntheticSongs\ChipperedByNicole_Try3ForPaper\SegSyllsOutput_SynSongs_amp100_30p_42_WhiteNoise_01.gzip	509.3015873015873	1603.2456140350876	6034.736842105262	7594.999999999999	681.9047619047618	4083.3333333333335	9800.0	2750.877192982456	120	10	1.0	7092.105263157895	189.2063492063492	472.8070175438596	155.59672996446093	1225.9924675634074
C:\Users\abiga\Box Sync\Abigail_Nicole\ChipperPaper\SyntheticSongs\ChipperedByNicole_Try3ForPaper\SegSyllsOutput_SynSongs_amp100_30p_43_S4A06622_20180409_161600_clip.gzip	408.4761904761905	2295.263157894737	5957.368421052633	8209.649122807017	725.7142857142857	5974.561403508772	9671.052631578947	2492.9824561403507	120	10	1.0	7221.0526315789475	180.3174603174603	515.7894736842105	186.64987206839518	1761.5467020847705
C:\Users\abiga\Box Sync\Abigail_Nicole\ChipperPaper\SyntheticSongs\ChipperedByNicole_Try3ForPaper\SegSyllsOutput_SynSongs_amp100_30p_43_S4A06622_20180722_170100_clip.gzip	355.71428571428567	1977.19298245614	6137.894736842106	8072.105263157895	608.8888888888888	4685.087719298245	9499.122807017544	2621.9298245614036	120	10	1.0	6920.175438596491	172.38095238095238	472.8070175438596	145.0025267443319	1460.138771616997
C:\Users\abiga\Box Sync\Abigail_Nicole\ChipperPaper\SyntheticSongs\ChipperedByNicole_Try3ForPaper\SegSyllsOutput_SynSongs_amp100_30p_43_WhiteNoise_001.gzip	408.66666666666663	2286.666666666667	5957.368421052633	8201.052631578948	725.0793650793651	5931.578947368421	9671.052631578947	2492.9824561403507	120	10	1.0	7221.0526315789475	180.63492063492063	515.7894736842105	186.65689124843607	1752.6210323066487
C:\Users\abiga\Box Sync\Abigail_Nicole\ChipperPaper\SyntheticSongs\ChipperedByNicole_Try3ForPaper\SegSyllsOutput_SynSongs_amp100_30p_43_WhiteNoise_01.gzip	407.8095238095238	2316.754385964912	5940.1754385964905	8213.947368421053	713.3333333333333	6017.543859649123	9671.052631578947	2492.9824561403507	120	10	1.0	7221.0526315789475	181.26984126984127	558.7719298245614	184.1739403727391	1770.8737154340465
C:\Users\abiga\Box Sync\Abigail_Nicole\ChipperPaper\SyntheticSongs\ChipperedByNicole_Try3ForPaper\SegSyllsOutput_SynSongs_amp100_30p_44_S4A06622_20180409_161600_clip.gzip	435.8730158730159	2591.842105263158	4775.350877192984	7324.210526315788	823.1746031746031	5329.824561403509	9542.105263157895	2278.0701754385964	120	10	1.0	7307.017543859649	101.58730158730158	515.7894736842105	231.4669141296887	1817.3950699068564
C:\Users\abiga\Box Sync\Abigail_Nicole\ChipperPaper\SyntheticSongs\ChipperedByNicole_Try3ForPaper\SegSyllsOutput_SynSongs_amp100_30p_44_S4A06622_20180722_170100_clip.gzip	431.3333333333333	2613.333333333333	4762.456140350878	7332.807017543861	813.015873015873	5329.824561403509	9585.087719298246	2278.0701754385964	120	10	1.0	7350.0	101.26984126984127	515.7894736842105	228.83646450693178	1800.6862057370665
C:\Users\abiga\Box Sync\Abigail_Nicole\ChipperPaper\SyntheticSongs\ChipperedByNicole_Try3ForPaper\SegSyllsOutput_SynSongs_amp100_30p_44_WhiteNoise_001.gzip	436.2539682539682	2591.842105263158	4775.350877192984	7324.210526315788	823.8095238095237	5329.824561403509	9542.105263157895	2278.0701754385964	120	10	1.0	7307.017543859649	101.9047619047619	515.7894736842105	231.7913898256389	1817.3950699068564
C:\Users\abiga\Box Sync\Abigail_Nicole\ChipperPaper\SyntheticSongs\ChipperedByNicole_Try3ForPaper\SegSyllsOutput_SynSongs_amp100_30p_44_WhiteNoise_01.gzip	435.52380952380946	2600.438596491228	4779.649122807017	7337.105263157894	823.8095238095237	5329.824561403509	9542.105263157895	2278.0701754385964	120	10	1.0	7307.017543859649	101.9047619047619	515.7894736842105	231.4013744987904	1813.0072690273228
C:\Users\abiga\Box Sync\Abigail_Nicole\ChipperPaper\SyntheticSongs\ChipperedByNicole_Try3ForPaper\SegSyllsOutput_SynSongs_amp100_30p_45_S4A06622_20180409_161600_clip.gzip	486.8253968253968	1543.0701754385964	5918.684210526315	7418.771929824562	717.4603174603175	3524.561403508772	9928.947368421053	2621.9298245614036	120	10	1.0	7350.0	228.88888888888889	472.8070175438596	163.67817013225974	1155.5541091036712
C:\Users\abiga\Box Sync\Abigail_Nicole\ChipperPaper\SyntheticSongs\ChipperedByNicole_Try3ForPaper\SegSyllsOutput_SynSongs_amp100_30p_45_S4A06622_20180722_170100_clip.gzip	483.7777777777777	1581.7543859649122	5901.491228070176	7440.263157894738	715.8730158730158	3524.561403508772	9928.947368421053	2578.9473684210525	120	10	1.0	7392.982456140351	226.66666666666666	472.8070175438596	161.07860246649633	1153.1267239152914
C:\Users\abiga\Box Sync\Abigail_Nicole\ChipperPaper\SyntheticSongs\ChipperedByNicole_Try3ForPaper\SegSyllsOutput_SynSongs_amp100_30p_45_WhiteNoise_001.gzip	486.98412698412704	1543.0701754385964	5918.684210526315	7418.771929824562	717.7777777777777	3524.561403508772	9928.947368421053	2621.9298245614036	120	10	1.0	7350.0	228.88888888888889	472.8070175438596	163.7628277919379	1155.5541091036712
C:\Users\abiga\Box Sync\Abigail_Nicole\ChipperPaper\SyntheticSongs\ChipperedByNicole_Try3ForPaper\SegSyllsOutput_SynSongs_amp100_30p_45_WhiteNoise_01.gzip	486.06349206349205	1560.2631578947367	5914.385964912281	7431.666666666665	714.2857142857142	3524.561403508772	9928.947368421053	2621.9298245614036	120	10	1.0	7350.0	227.93650793650792	472.8070175438596	162.85046965916914	1161.507598999728
C:\Users\abiga\Box Sync\Abigail_Nicole\ChipperPaper\SyntheticSongs\ChipperedByNicole_Try3ForPaper\SegSyllsOutput_SynSongs_amp100_30p_46_S4A06622_20180409_161600_clip.gzip	501.01587301587296	1491.4912280701753	5424.3859649122805	6872.894736842104	758.4126984126983	5544.736842105263	10057.894736842105	3008.7719298245615	120	10	1.0	7092.105263157895	193.96825396825395	386.8421052631579	200.7892827040896	1644.8614663636338
C:\Users\abiga\Box Sync\Abigail_Nicole\ChipperPaper\SyntheticSongs\ChipperedByNicole_Try3ForPaper\SegSyllsOutput_SynSongs_amp100_30p_46_S4A06622_20180722_170100_clip.gzip	321.5343915343915	1027.9970760233919	5533.991228070176	6519.005847953217	672.6984126984127	4470.175438596491	10014.912280701754	3051.754385964912	120	12	1.2	7006.140350877193	13.968253968253968	171.9298245614035	201.475390569249	1220.3409914974097
C:\Users\abiga\Box Sync\Abigail_Nicole\ChipperPaper\SyntheticSongs\ChipperedByNicole_Try3ForPaper\SegSyllsOutput_SynSongs_amp100_30p_46_WhiteNoise_001.gzip	501.3650793650794	1495.7894736842104	5424.3859649122805	6877.19298245614	758.7301587301587	5587.719298245614	10057.894736842105	3008.7719298245615	120	10	1.0	7092.105263157895	194.28571428571428	386.8421052631579	200.97587008278666	1656.6439581876314
C:\Users\abiga\Box Sync\Abigail_Nicole\ChipperPaper\SyntheticSongs\ChipperedByNicole_Try3ForPaper\SegSyllsOutput_SynSongs_amp100_30p_46_WhiteNoise_01.gzip	452.4098124098125	1406.6985645933012	5814.354066985645	7178.070175438596	756.5079365079365	5587.719298245614	10100.877192982456	3008.7719298245615	120	11	1.1	7135.087719298245	25.71428571428571	214.91228070175438	233.58122905706617	1602.512660042562
C:\Users\abiga\Box Sync\Abigail_Nicole\ChipperPaper\SyntheticSongs\ChipperedByNicole_Try3ForPaper\SegSyllsOutput_SynSongs_amp100_30p_47_S4A06622_20180409_161600_clip.gzip	421.55555555555554	1525.877192982456	5127.80701754386	6610.701754385966	700.952380952381	3954.3859649122805	9714.035087719298	2020.1754385964912	120	10	1.0	7736.8421052631575	112.6984126984127	472.8070175438596	219.42688583273804	1267.5169297745656
C:\Users\abiga\Box Sync\Abigail_Nicole\ChipperPaper\SyntheticSongs\ChipperedByNicole_Try3ForPaper\SegSyllsOutput_SynSongs_amp100_30p_47_S4A06622_20180722_170100_clip.gzip	363.04761904761904	1388.3333333333333	5192.280701754386	6537.631578947369	622.5396825396825	3696.4912280701756	9671.052631578947	2063.157894736842	120	10	1.0	7650.877192982456	105.07936507936508	429.82456140350877	178.04906235052871	1171.3628422968134
C:\Users\abiga\Box Sync\Abigail_Nicole\ChipperPaper\SyntheticSongs\ChipperedByNicole_Try3ForPaper\SegSyllsOutput_SynSongs_amp100_30p_47_WhiteNoise_001.gzip	421.8730158730159	1521.578947368421	5132.105263157894	6610.701754385966	701.9047619047618	3954.3859649122805	9714.035087719298	2020.1754385964912	120	10	1.0	7736.8421052631575	112.6984126984127	472.8070175438596	219.59436150202612	1271.2282934618838
C:\Users\abiga\Box Sync\Abigail_Nicole\ChipperPaper\SyntheticSongs\ChipperedByNicole_Try3ForPaper\SegSyllsOutput_SynSongs_amp100_30p_47_WhiteNoise_01.gzip	419.3333333333333	1560.2631578947369	5123.508771929824	6640.789473684211	693.968253968254	3954.3859649122805	9757.017543859649	2020.1754385964912	120	10	1.0	7779.824561403509	112.6984126984127	515.7894736842105	217.52142963946736	1252.1681241408962
C:\Users\abiga\Box Sync\Abigail_Nicole\ChipperPaper\SyntheticSongs\ChipperedByNicole_Try3ForPaper\SegSyllsOutput_SynSongs_amp100_30p_48_S4A06622_20180409_161600_clip.gzip	407.41702741702744	1176.1562998405102	5243.859649122807	6377.033492822967	694.6031746031746	3567.5438596491226	9971.929824561403	2450.0	120	11	1.1	7564.912280701754	35.238095238095234	214.91228070175438	182.14141633637132	1156.5831765273933
C:\Users\abiga\Box Sync\Abigail_Nicole\ChipperPaper\SyntheticSongs\ChipperedByNicole_Try3ForPaper\SegSyllsOutput_SynSongs_amp100_30p_48_WhiteNoise_001.gzip	490.3492063492064	1401.2280701754387	5467.368421052631	6825.6140350877195	727.3015873015872	3997.3684210526317	10014.912280701754	2450.0	120	10	1.0	7607.894736842105	273.015873015873	429.82456140350877	157.48706890011096	1301.8631570283874
C:\Users\abiga\Box Sync\Abigail_Nicole\ChipperPaper\SyntheticSongs\ChipperedByNicole_Try3ForPaper\SegSyllsOutput_SynSongs_amp100_30p_48_WhiteNoise_01.gzip	163.74051069703245	676.5064836003052	5271.89168573608	5905.415713196033	645.0793650793651	3094.7368421052633	10014.912280701754	2364.035087719298	120	23	2.3	7693.859649122807	12.698412698412698	214.91228070175438	187.8122750663097	782.5573326850218
C:\Users\abiga\Box Sync\Abigail_Nicole\ChipperPaper\SyntheticSongs\ChipperedByNicole_Try3ForPaper\SegSyllsOutput_SynSongs_amp100_30p_49_S4A06622_20180409_161600_clip.gzip	420.3809523809523	2389.8245614035086	6125.0	8471.842105263158	669.2063492063492	5888.59649122807	9327.19298245614	2922.8070175438597	120	10	1.0	6447.368421052632	103.80952380952381	515.7894736842105	224.6636260189154	1897.9673474487927
C:\Users\abiga\Box Sync\Abigail_Nicole\ChipperPaper\SyntheticSongs\ChipperedByNicole_Try3ForPaper\SegSyllsOutput_SynSongs_amp100_30p_49_WhiteNoise_001.gzip	434.6031746031746	2501.578947368421	6064.8245614035095	8523.42105263158	713.968253968254	6017.543859649123	9370.17543859649	2578.9473684210525	120	10	1.0	6834.210526315789	106.66666666666666	515.7894736842105	236.62951552333456	1975.822052050393
C:\Users\abiga\Box Sync\Abigail_Nicole\ChipperPaper\SyntheticSongs\ChipperedByNicole_Try3ForPaper\SegSyllsOutput_SynSongs_amp100_30p_49_WhiteNoise_01.gzip	313.49206349206344	1919.8830409356726	6311.257309941519	8188.157894736842	590.1587301587301	5501.754385964912	9327.19298245614	2793.859649122807	120	12	1.2	6576.315789473684	17.142857142857142	257.89473684210526	217.48121364512033	1788.4696472349601
C:\Users\abiga\Box Sync\Abigail_Nicole\ChipperPaper\SyntheticSongs\ChipperedByNicole_Try3ForPaper\SegSyllsOutput_SynSongs_amp100_30p_4_S4A06622_20180409_161600_clip.gzip	392.00000000000006	2364.035087719298	5243.859649122807	7564.912280701754	567.6190476190476	5802.631578947368	10100.877192982456	2578.9473684210525	120	10	1.0	7564.912280701754	161.26984126984127	429.82456140350877	145.74896322467328	1557.549891148853
C:\Users\abiga\Box Sync\Abigail_Nicole\ChipperPaper\SyntheticSongs\ChipperedByNicole_Try3ForPaper\SegSyllsOutput_SynSongs_amp100_30p_4_S4A06622_20180722_170100_clip.gzip	373.6507936507937	2308.157894736842	5282.543859649122	7547.7192982456145	557.7777777777777	5759.649122807017	10100.877192982456	2578.9473684210525	120	10	1.0	7564.912280701754	161.26984126984127	558.7719298245614	134.66139634641695	1524.9250935098344
C:\Users\abiga\Box Sync\Abigail_Nicole\ChipperPaper\SyntheticSongs\ChipperedByNicole_Try3ForPaper\SegSyllsOutput_SynSongs_amp100_30p_4_WhiteNoise_001.gzip	392.12698412698415	2364.035087719298	5243.859649122807	7564.912280701754	567.3015873015872	5802.631578947368	10100.877192982456	2578.9473684210525	120	10	1.0	7564.912280701754	161.26984126984127	429.82456140350877	145.72760291571637	1557.549891148853
C:\Users\abiga\Box Sync\Abigail_Nicole\ChipperPaper\SyntheticSongs\ChipperedByNicole_Try3ForPaper\SegSyllsOutput_SynSongs_amp100_30p_4_WhiteNoise_01.gzip	391.5555555555556	2385.5263157894738	5239.561403508771	7582.105263157894	570.4761904761905	5845.6140350877195	10100.877192982456	2578.9473684210525	120	10	1.0	7564.912280701754	161.26984126984127	472.8070175438596	145.71564592280495	1556.6600226491391
C:\Users\abiga\Box Sync\Abigail_Nicole\ChipperPaper\SyntheticSongs\ChipperedByNicole_Try3ForPaper\SegSyllsOutput_SynSongs_amp100_30p_50_S4A06622_20180409_161600_clip.gzip	354.6031746031746	1078.859649122807	5647.894736842104	6683.771929824561	622.8571428571428	3309.6491228070176	10100.877192982456	2192.1052631578946	120	10	1.0	7951.754385964912	121.9047619047619	472.8070175438596	173.20498378024695	914.3697450759754
C:\Users\abiga\Box Sync\Abigail_Nicole\ChipperPaper\SyntheticSongs\ChipperedByNicole_Try3ForPaper\SegSyllsOutput_SynSongs_amp100_30p_50_S4A06622_20180722_170100_clip.gzip	353.20634920634916	1104.6491228070176	5635.000000000001	6696.666666666667	619.3650793650793	3266.6666666666665	10100.877192982456	2149.122807017544	120	10	1.0	7994.736842105263	121.26984126984127	515.7894736842105	172.28976966793567	892.2354525577102
C:\Users\abiga\Box Sync\Abigail_Nicole\ChipperPaper\SyntheticSongs\ChipperedByNicole_Try3ForPaper\SegSyllsOutput_SynSongs_amp100_30p_50_WhiteNoise_001.gzip	354.7301587301587	1078.859649122807	5647.894736842104	6683.771929824561	622.8571428571428	3309.6491228070176	10100.877192982456	2192.1052631578946	120	10	1.0	7951.754385964912	121.9047619047619	472.8070175438596	173.28340075797246	914.3697450759754
C:\Users\abiga\Box Sync\Abigail_Nicole\ChipperPaper\SyntheticSongs\ChipperedByNicole_Try3ForPaper\SegSyllsOutput_SynSongs_amp100_30p_50_WhiteNoise_01.gzip	355.20634920634916	1087.4561403508771	5643.596491228071	6688.070175438597	622.5396825396825	3309.6491228070176	10100.877192982456	2192.1052631578946	120	10	1.0	7951.754385964912	121.9047619047619	472.8070175438596	173.47581858688181	912.4819887775159
C:\Users\abiga\Box Sync\Abigail_Nicole\ChipperPaper\SyntheticSongs\ChipperedByNicole_Try3ForPaper\SegSyllsOutput_SynSongs_amp100_30p_5_S4A06622_20180409_161600_clip.gzip	449.4285714285714	1603.2456140350876	5596.315789473683	7156.578947368421	689.8412698412698	4298.245614035088	10057.894736842105	2364.035087719298	120	10	1.0	7736.8421052631575	169.84126984126982	515.7894736842105	226.74792164746594	1333.46484487879
C:\Users\abiga\Box Sync\Abigail_Nicole\ChipperPaper\SyntheticSongs\ChipperedByNicole_Try3ForPaper\SegSyllsOutput_SynSongs_amp100_30p_5_S4A06622_20180722_170100_clip.gzip	425.93650793650795	1555.9649122807018	5622.105263157895	7135.087719298245	673.3333333333333	4126.315789473684	10014.912280701754	2364.035087719298	120	10	1.0	7693.859649122807	165.3968253968254	515.7894736842105	211.41851086433658	1269.0626284222167
C:\Users\abiga\Box Sync\Abigail_Nicole\ChipperPaper\SyntheticSongs\ChipperedByNicole_Try3ForPaper\SegSyllsOutput_SynSongs_amp100_30p_5_WhiteNoise_001.gzip	449.5873015873015	1611.8421052631577	5592.01754385965	7160.877192982457	687.6190476190476	4298.245614035088	10057.894736842105	2364.035087719298	120	10	1.0	7736.8421052631575	169.84126984126982	515.7894736842105	226.74874884091648	1335.9563847883287
C:\Users\abiga\Box Sync\Abigail_Nicole\ChipperPaper\SyntheticSongs\ChipperedByNicole_Try3ForPaper\SegSyllsOutput_SynSongs_amp100_30p_5_WhiteNoise_01.gzip	448.8253968253968	1620.4385964912278	5583.421052631578	7160.877192982457	688.5714285714286	4298.245614035088	10057.894736842105	2364.035087719298	120	10	1.0	7736.8421052631575	169.84126984126982	515.7894736842105	226.07919165953894	1329.1474672277102
C:\Users\abiga\Box Sync\Abigail_Nicole\ChipperPaper\SyntheticSongs\ChipperedByNicole_Try3ForPaper\SegSyllsOutput_SynSongs_amp100_30p_6_S4A06622_20180409_161600_clip.gzip	439.2063492063491	1070.2631578947369	5965.964912280702	6993.245614035087	693.3333333333333	2235.0877192982457	9842.982456140351	2192.1052631578946	120	10	1.0	7693.859649122807	137.77777777777777	472.8070175438596	182.9620296137843	562.0502868497152
C:\Users\abiga\Box Sync\Abigail_Nicole\ChipperPaper\SyntheticSongs\ChipperedByNicole_Try3ForPaper\SegSyllsOutput_SynSongs_amp100_30p_6_S4A06622_20180722_170100_clip.gzip	333.042328042328	888.3040935672512	5480.263157894737	6325.584795321638	603.1746031746031	2149.122807017544	9800.0	2192.1052631578946	120	12	1.2	7650.877192982456	15.873015873015872	214.91228070175438	203.31936844481226	589.4407331743731
C:\Users\abiga\Box Sync\Abigail_Nicole\ChipperPaper\SyntheticSongs\ChipperedByNicole_Try3ForPaper\SegSyllsOutput_SynSongs_amp100_30p_6_WhiteNoise_001.gzip	439.0476190476191	1065.9649122807018	5970.263157894736	6993.245614035087	693.968253968254	2235.0877192982457	9842.982456140351	2235.0877192982457	120	10	1.0	7650.877192982456	137.77777777777777	472.8070175438596	183.0246758499783	558.8821303837287
C:\Users\abiga\Box Sync\Abigail_Nicole\ChipperPaper\SyntheticSongs\ChipperedByNicole_Try3ForPaper\SegSyllsOutput_SynSongs_amp100_30p_6_WhiteNoise_01.gzip	438.7936507936508	1091.7543859649124	5965.964912280702	7014.736842105262	697.7777777777777	2278.0701754385964	9885.964912280702	2192.1052631578946	120	10	1.0	7736.8421052631575	138.73015873015873	472.8070175438596	182.85817166083305	561.2279208841259
C:\Users\abiga\Box Sync\Abigail_Nicole\ChipperPaper\SyntheticSongs\ChipperedByNicole_Try3ForPaper\SegSyllsOutput_SynSongs_amp100_30p_7_S4A06622_20180409_161600_clip.gzip	416.31746031746036	1353.9473684210527	6245.350877192983	7556.315789473684	673.3333333333333	4942.982456140351	9842.982456140351	2707.8947368421054	120	10	1.0	7178.070175438596	202.53968253968253	472.8070175438596	160.75082085213725	1337.03153956036
C:\Users\abiga\Box Sync\Abigail_Nicole\ChipperPaper\SyntheticSongs\ChipperedByNicole_Try3ForPaper\SegSyllsOutput_SynSongs_amp100_30p_7_S4A06622_20180722_170100_clip.gzip	401.9047619047618	1328.157894736842	6253.9473684210525	7539.122807017543	630.1587301587301	4814.035087719298	9800.0	2836.842105263158	120	10	1.0	7006.140350877193	200.3174603174603	472.8070175438596	146.98576493920143	1302.6907101916988
C:\Users\abiga\Box Sync\Abigail_Nicole\ChipperPaper\SyntheticSongs\ChipperedByNicole_Try3ForPaper\SegSyllsOutput_SynSongs_amp100_30p_7_WhiteNoise_001.gzip	416.3492063492064	1353.9473684210527	6245.350877192983	7556.315789473684	673.968253968254	4942.982456140351	9842.982456140351	2707.8947368421054	120	10	1.0	7178.070175438596	202.2222222222222	472.8070175438596	161.00536924885992	1337.03153956036
C:\Users\abiga\Box Sync\Abigail_Nicole\ChipperPaper\SyntheticSongs\ChipperedByNicole_Try3ForPaper\SegSyllsOutput_SynSongs_amp100_30p_7_WhiteNoise_01.gzip	415.46031746031747	1358.2456140350878	6241.052631578947	7556.315789473684	668.5714285714286	4942.982456140351	9842.982456140351	2707.8947368421054	120	10	1.0	7178.070175438596	202.53968253968253	472.8070175438596	159.89092682077316	1333.9496754385884
C:\Users\abiga\Box Sync\Abigail_Nicole\ChipperPaper\SyntheticSongs\ChipperedByNicole_Try3ForPaper\SegSyllsOutput_SynSongs_amp100_30p_8_S4A06622_20180409_161600_clip.gzip	521.015873015873	1182.017543859649	5196.57894736842	6335.614035087719	684.4444444444445	2664.9122807017543	10014.912280701754	2063.157894736842	120	10	1.0	7994.736842105263	218.4126984126984	386.8421052631579	167.69944894431484	898.7000147021067
C:\Users\abiga\Box Sync\Abigail_Nicole\ChipperPaper\SyntheticSongs\ChipperedByNicole_Try3ForPaper\SegSyllsOutput_SynSongs_amp100_30p_8_S4A06622_20180722_170100_clip.gzip	426.3203463203463	1031.5789473684208	5126.634768740031	6115.231259968101	648.8888888888888	2364.035087719298	9971.929824561403	2020.1754385964912	120	11	1.1	7994.736842105263	20.317460317460316	214.91228070175438	193.41252344055263	820.0529977093041
C:\Users\abiga\Box Sync\Abigail_Nicole\ChipperPaper\SyntheticSongs\ChipperedByNicole_Try3ForPaper\SegSyllsOutput_SynSongs_amp100_30p_8_WhiteNoise_001.gzip	520.6031746031747	1177.719298245614	5196.57894736842	6331.315789473685	684.7619047619047	2664.9122807017543	10014.912280701754	2063.157894736842	120	10	1.0	7994.736842105263	218.4126984126984	386.8421052631579	167.3804117391877	900.2861014501332
C:\Users\abiga\Box Sync\Abigail_Nicole\ChipperPaper\SyntheticSongs\ChipperedByNicole_Try3ForPaper\SegSyllsOutput_SynSongs_amp100_30p_8_WhiteNoise_01.gzip	519.4285714285713	1194.9122807017543	5192.280701754386	6344.21052631579	683.1746031746031	2621.9298245614036	10014.912280701754	2063.157894736842	120	10	1.0	7994.736842105263	217.77777777777777	429.82456140350877	166.96714662090403	877.3289173426165
C:\Users\abiga\Box Sync\Abigail_Nicole\ChipperPaper\SyntheticSongs\ChipperedByNicole_Try3ForPaper\SegSyllsOutput_SynSongs_amp100_30p_9_S4A06622_20180409_161600_clip.gzip	474.031746031746	2050.2631578947367	5875.701754385965	7882.98245614035	694.9206349206349	4126.315789473684	9971.929824561403	3094.7368421052633	120	10	1.0	6920.175438596491	147.3015873015873	386.8421052631579	178.7825473544416	1192.0347291900625
C:\Users\abiga\Box Sync\Abigail_Nicole\ChipperPaper\SyntheticSongs\ChipperedByNicole_Try3ForPaper\SegSyllsOutput_SynSongs_amp100_30p_9_S4A06622_20180722_170100_clip.gzip	279.5767195767196	1368.2748538011695	6053.3625730994145	7378.654970760234	515.5555555555555	3481.578947368421	9928.947368421053	3137.719298245614	120	12	1.2	6834.210526315789	23.49206349206349	171.9298245614035	162.25699925334155	1049.788880411109
C:\Users\abiga\Box Sync\Abigail_Nicole\ChipperPaper\SyntheticSongs\ChipperedByNicole_Try3ForPaper\SegSyllsOutput_SynSongs_amp100_30p_9_WhiteNoise_001.gzip	474.19047619047615	2050.2631578947367	5875.701754385965	7882.98245614035	696.8253968253968	4083.3333333333335	9971.929824561403	3094.7368421052633	120	10	1.0	6920.175438596491	146.984126984127	386.8421052631579	178.84631321694823	1184.260055999802
C:\Users\abiga\Box Sync\Abigail_Nicole\ChipperPaper\SyntheticSongs\ChipperedByNicole_Try3ForPaper\SegSyllsOutput_SynSongs_amp100_30p_9_WhiteNoise_01.gzip	469.49206349206344	2093.2456140350873	5854.210526315789	7904.473684210525	695.2380952380952	4126.315789473684	10014.912280701754	3051.754385964912	120	10	1.0	7006.140350877193	146.34920634920636	472.8070175438596	177.49261899470088	1161.6843186549208
